1065 0.006498 39.395180 34.718719 205.718811 224.000000
1263 0.007377 1.000000 34.389534 194.958054 178.060577
1881 0.007376 2.716171 28.185913 184.684616 218.462784
397 0.009059 3.736160 24.845657 187.268173 224.000000
829 0.009262 1.000000 1.000000 198.084595 214.946442
972 0.006815 1.000000 11.065277 201.506897 216.306473
BluePoisonDartFrog1003 0.986477 36.857277 59.570351 176.977997 158.917755
BluePoisonDartFrog1003 0.036811 7.759872 3.764404 211.826767 166.431412
BluePoisonDartFrog1004 0.998957 40.723526 29.115349 196.032394 191.383057
BluePoisonDartFrog1008 0.980511 105.723526 26.068726 202.593643 176.371155
BluePoisonDartFrog1036 0.999176 28.669838 26.688995 175.936768 174.864136
BluePoisonDartFrog1065 0.998816 17.081589 39.637764 211.495071 181.117981
BluePoisonDartFrog107 0.999279 99.920052 80.283600 224.000000 200.730530
BluePoisonDartFrog1077 0.997840 60.716316 83.173157 125.620018 164.738083
BluePoisonDartFrog1081 0.395695 24.557884 143.234894 211.235657 221.937622
BluePoisonDartFrog1137 0.661172 11.986156 26.448242 79.860229 160.500488
BluePoisonDartFrog114 0.999738 31.685608 41.953697 138.497314 210.113220
BluePoisonDartFrog1149 0.999382 1.000000 31.224319 224.000000 215.689301
BluePoisonDartFrog1153 0.998082 86.767296 30.793530 180.834900 127.059250
BluePoisonDartFrog1154 0.989985 77.930397 74.442528 155.721100 161.358734
BluePoisonDartFrog1158 0.781656 53.116989 24.249870 189.614853 155.971222
BluePoisonDartFrog1198 0.296662 33.999527 67.703705 121.756485 151.596130
BluePoisonDartFrog1198 0.521020 104.238922 44.877857 211.665833 158.723083
BluePoisonDartFrog1208 0.995150 55.289482 43.752506 177.693573 158.381317
BluePoisonDartFrog1215 0.092207 62.817184 72.616341 104.601852 146.720612
BluePoisonDartFrog1215 0.995357 72.415161 52.704224 176.953339 182.777405
BluePoisonDartFrog1222 0.994507 29.736328 32.770058 172.020416 172.031647
BluePoisonDartFrog1242 0.988057 56.760994 62.062355 178.087799 190.711578
BluePoisonDartFrog1247 0.020008 43.484932 1.000000 224.000000 150.411621
BluePoisonDartFrog1247 0.900600 56.929806 52.989391 147.043030 149.496307
BluePoisonDartFrog1278 0.999899 44.640915 62.638283 166.465439 191.291931
BluePoisonDartFrog1279 0.997838 52.031830 75.081787 185.235565 157.595581
BluePoisonDartFrog1286 0.548227 58.459763 72.371246 209.072617 201.529144
BluePoisonDartFrog1293 0.994657 14.073769 43.910027 169.606750 202.401764
BluePoisonDartFrog1293 0.036009 53.486141 56.443600 146.512344 167.134232
BluePoisonDartFrog1331 0.998149 25.395119 47.640770 160.389557 201.429810
BluePoisonDartFrog135 0.993839 1.000000 12.707047 221.136642 220.476242
BluePoisonDartFrog1357 0.992231 19.165836 50.189968 102.614502 149.975449
BluePoisonDartFrog1380 0.997683 10.357925 75.291870 173.142563 172.552979
BluePoisonDartFrog1390 0.991315 104.484253 39.760971 213.644653 117.507217
BluePoisonDartFrog1390 0.998823 8.981632 25.264996 115.468338 130.286163
BluePoisonDartFrog1390 0.075085 118.099236 121.753433 213.982147 193.210220
BluePoisonDartFrog1390 0.010167 24.623844 132.710876 114.748199 213.941284
BluePoisonDartFrog1392 0.998484 9.744980 40.079514 203.370270 172.937180
BluePoisonDartFrog1396 0.999724 55.715561 62.367046 177.232376 153.951233
BluePoisonDartFrog1409 0.976933 31.263657 56.577545 174.844681 214.203491
BluePoisonDartFrog141 0.998625 11.246948 19.915779 209.810287 224.000000
BluePoisonDartFrog1428 0.999705 63.975029 74.946411 170.358154 193.007568
BluePoisonDartFrog1436 0.999805 39.106873 99.354187 151.349945 170.793457
BluePoisonDartFrog1453 0.999767 31.879707 57.308983 180.385040 180.987762
BluePoisonDartFrog1458 0.998953 83.719437 69.202942 152.137100 166.213715
BluePoisonDartFrog1475 0.996259 40.210472 46.644279 195.564514 172.518463
BluePoisonDartFrog1498 0.995277 69.322601 73.672951 180.039780 176.875275
BluePoisonDartFrog158 0.560907 57.827156 78.391869 143.812164 185.300842
BluePoisonDartFrog17 0.999153 8.729012 15.406624 213.180511 224.000000
BluePoisonDartFrog215 0.999700 37.084679 74.549217 167.935364 176.190735
BluePoisonDartFrog240 0.982790 21.228889 25.940445 201.813538 180.612732
BluePoisonDartFrog242 0.995445 66.764618 73.141739 184.310028 179.540100
BluePoisonDartFrog242 0.014252 6.519333 60.751892 210.010666 210.405243
BluePoisonDartFrog260 0.998939 98.170044 37.490685 215.924438 208.640228
BluePoisonDartFrog270 0.996024 25.801842 37.604401 207.587555 187.016617
BluePoisonDartFrog299 0.999977 22.804184 4.549713 150.971970 207.647614
BluePoisonDartFrog301 0.999411 84.735039 52.164848 196.363251 184.249115
BluePoisonDartFrog302 0.984304 141.220123 106.576523 221.067261 179.043045
BluePoisonDartFrog302 0.972677 73.860489 61.073898 145.744278 143.713486
BluePoisonDartFrog302 0.970841 1.000000 35.157307 72.635506 100.278427
BluePoisonDartFrog302 0.954108 1.000000 123.181740 83.218681 188.034424
BluePoisonDartFrog302 0.794078 139.811630 41.691742 223.955002 93.854568
BluePoisonDartFrog312 0.999504 89.537346 74.218849 216.198914 224.000000
BluePoisonDartFrog323 0.994182 52.221592 39.932236 116.859207 129.443100
BluePoisonDartFrog355 0.999449 10.818657 12.191040 208.372559 165.426025
BluePoisonDartFrog378 0.995765 1.000000 10.280739 216.624786 212.068268
BluePoisonDartFrog387 0.999133 4.922058 19.120499 213.325653 160.715088
BluePoisonDartFrog414 0.998434 36.792778 23.246239 183.808014 188.208588
BluePoisonDartFrog426 0.993052 17.338318 37.795086 163.868652 163.420990
BluePoisonDartFrog456 0.999537 50.943352 47.668068 189.692902 199.879639
BluePoisonDartFrog466 0.999774 50.853462 75.413628 185.789703 176.245667
BluePoisonDartFrog470 0.998036 24.718971 56.749817 213.162323 194.580109
BluePoisonDartFrog497 0.998533 125.180168 79.256409 223.722412 188.508331
BluePoisonDartFrog497 0.872924 1.000000 38.938774 94.415436 116.356239
BluePoisonDartFrog497 0.526800 80.112602 36.309471 157.430237 118.911613
BluePoisonDartFrog503 0.999912 40.398949 44.590691 169.909576 177.398041
BluePoisonDartFrog52 0.999312 23.262589 52.277077 160.336868 214.305603
BluePoisonDartFrog553 0.993665 139.262833 49.093513 220.430435 103.371193
BluePoisonDartFrog553 0.984519 8.838341 47.811726 80.180908 105.838852
BluePoisonDartFrog553 0.981828 75.932480 71.325989 142.464920 146.108643
BluePoisonDartFrog553 0.935929 132.032761 116.182373 211.966385 177.862244
BluePoisonDartFrog553 0.676077 9.534927 125.993004 92.661087 174.152512
BluePoisonDartFrog568 0.998350 41.200500 46.768166 172.042511 193.675812
BluePoisonDartFrog569 0.999949 56.933544 45.473419 178.703018 175.323761
BluePoisonDartFrog58 0.999485 101.898727 20.868782 198.258011 214.082947
BluePoisonDartFrog586 0.995324 67.675430 62.803162 200.898758 175.071655
BluePoisonDartFrog586 0.933183 4.018215 96.436249 87.917526 167.299835
BluePoisonDartFrog590 0.999421 18.548248 18.295746 181.833237 185.587906
BluePoisonDartFrog591 0.999102 34.239342 27.676964 183.562561 198.518890
BluePoisonDartFrog612 0.999189 81.486168 37.743546 168.202423 164.530930
BluePoisonDartFrog643 0.999254 28.504585 33.068390 184.499878 210.395370
BluePoisonDartFrog644 0.999173 56.309372 78.210449 179.128525 190.781525
BluePoisonDartFrog653 0.999625 17.853134 31.532967 191.979431 178.743195
BluePoisonDartFrog662 0.996418 69.731133 88.857597 210.597687 194.113220
BluePoisonDartFrog665 0.999558 41.140938 32.954529 170.186676 177.545654
BluePoisonDartFrog665 0.075800 1.000000 167.179810 45.182526 224.000000
BluePoisonDartFrog666 0.999492 76.227570 17.458992 162.166351 153.412170
BluePoisonDartFrog711 0.999094 7.661140 44.463730 157.459686 198.024796
BluePoisonDartFrog714 0.999911 36.525894 82.824387 168.274612 186.034042
BluePoisonDartFrog722 0.983574 22.656963 38.587936 117.019516 204.641678
BluePoisonDartFrog722 0.037717 103.076569 7.969101 196.218445 129.948700
BluePoisonDartFrog722 0.005641 212.891602 68.701408 224.000000 148.666840
BluePoisonDartFrog724 0.998657 70.950760 42.621948 194.663406 176.183548
BluePoisonDartFrog75 0.997624 3.192879 59.610435 156.821228 218.415497
BluePoisonDartFrog76 0.998736 12.622467 5.996399 197.678543 81.185577
BluePoisonDartFrog778 0.996467 61.930870 30.395554 177.592773 179.980270
BluePoisonDartFrog780 0.997997 76.074280 60.698212 191.840942 173.242081
BluePoisonDartFrog782 0.999604 8.380981 16.904106 224.000000 222.125610
BluePoisonDartFrog786 0.999872 1.805031 2.250725 224.000000 223.400513
BluePoisonDartFrog824 0.998442 1.000000 12.759430 205.475616 200.155502
BluePoisonDartFrog830 0.724763 20.891998 142.466232 216.437012 223.444107
BluePoisonDartFrog885 0.950288 28.728840 1.000000 111.988800 78.227585
BluePoisonDartFrog885 0.996378 62.341614 73.787994 213.379944 173.489990
BluePoisonDartFrog885 0.493710 149.254562 1.000000 224.000000 73.464783
BluePoisonDartFrog898 0.999946 1.000000 4.176857 224.000000 212.731750
BluePoisonDartFrog910 0.995218 48.980404 45.954865 171.523178 172.712570
BluePoisonDartFrog918 0.990944 89.692558 58.766884 178.854736 206.928070
BluePoisonDartFrog927 0.999604 69.056084 26.334202 200.454926 145.423218
BluePoisonDartFrog936 0.998858 10.847012 39.015038 97.660995 199.903290
BluePoisonDartFrog936 0.015516 1.000000 2.364120 133.897034 224.000000
BluePoisonDartFrog939 0.998561 1.267029 1.000000 224.000000 197.407578
BluePoisonDartFrog94 0.954535 62.336815 35.013176 210.262726 217.355530
BluePoisonDartFrog943 0.999161 134.224091 13.380672 212.723969 94.571976
BluePoisonDartFrog969 0.999361 54.761066 42.796753 181.566696 146.179916
BluePoisonDartFrog97 0.994451 3.855164 7.878593 214.798615 222.906616
BluePoisonDartFrog974 0.998773 21.823601 14.156876 122.683266 185.009460
CaneToad1,036 0.035850 1.000000 26.083862 196.718033 224.000000
CaneToad1,175 0.006783 1.000000 42.399139 204.872101 224.000000
CaneToad1,239 0.005935 1.000000 3.911911 129.530930 215.553665
CaneToad1,241 0.005140 1.000000 3.640388 212.557678 211.084778
CaneToad1,365 0.012004 27.932724 23.962952 214.575455 224.000000
CaneToad1,465 0.005648 1.000000 1.000000 198.215485 188.810928
CaneToad1,579 0.016502 1.000000 36.726303 196.620514 176.863403
CaneToad1,785 0.011188 1.000000 1.000000 222.825485 224.000000
CaneToad1,818 0.006996 1.000000 1.000000 210.053711 216.640594
CaneToad1,862 0.008146 32.323006 60.987396 189.663330 201.236450
CaneToad1,926 0.008910 51.214249 36.621361 183.082718 178.915161
CaneToad1,930 0.025330 1.000000 49.757843 144.361221 156.769318
CaneToad2,069 0.005532 48.849968 79.406494 187.604553 200.815674
CaneToad2,102 0.005037 52.197380 1.000000 182.724518 224.000000
CaneToad2,120 0.009489 73.178650 1.000000 196.206726 224.000000
CaneToad2,127 0.005467 64.336937 35.945351 191.114624 154.057404
corroboreefrog1012 0.008260 4.245796 1.203735 184.942627 187.322266
corroboreefrog1014 0.025449 17.658585 5.865036 223.751572 183.715485
corroboreefrog1023 0.011532 10.414688 29.753357 181.248123 179.429153
corroboreefrog1029 0.005873 8.350143 16.537582 179.201370 172.940750
corroboreefrog1076 0.005144 25.914658 35.016277 210.231766 156.304245
corroboreefrog1151 0.009543 55.133163 4.481743 198.312881 186.177155
corroboreefrog1244 0.007132 30.644798 1.000000 224.000000 194.323883
corroboreefrog1304 0.005321 27.395172 3.493988 120.684189 139.244354
corroboreefrog1367 0.014278 88.378136 10.495041 224.000000 191.101395
corroboreefrog1549 0.007953 6.241463 58.911850 182.276184 207.254013
corroboreefrog1681 0.017757 25.259483 42.487206 173.241882 221.951294
corroboreefrog1856 0.005215 33.510147 8.393097 184.513290 183.135071
corroboreefrog349 0.009188 32.026489 26.530136 212.550446 164.756088
corroboreefrog42 0.025689 1.000000 23.722031 195.264832 209.291565
corroboreefrog44 0.032869 1.000000 20.896133 200.223587 200.697388
corroboreefrog487 0.008478 31.328621 30.263947 197.349579 161.361481
corroboreefrog717 0.005203 33.612343 48.243347 189.815460 153.102356
corroboreefrog775 0.006609 21.614113 1.000000 174.712128 196.471191
corroboreefrog822 0.010191 4.098343 1.000000 218.152863 210.543671
corroboreefrog909 0.011246 1.000000 1.000000 196.540833 224.000000
corroboreefrog915 0.027573 57.766434 1.000000 206.470078 194.982544
corroboreefrog936 0.009331 93.816574 61.102173 224.000000 210.960754
GBF192 0.006928 1.000000 1.000000 207.978271 224.000000
GBF348 0.005005 35.587715 63.382401 224.000000 200.128983
GGBF276 0.005274 2.836334 1.000000 86.211678 26.978004
GGBF385 0.040864 28.997543 1.000000 224.000000 185.691742
GGBF640 0.005977 1.000000 3.873154 199.020447 224.000000
GGBF901 0.006329 62.264442 42.137230 224.000000 222.253815
GoldenPoisonDartFrog1035 0.005082 38.026550 51.733265 181.768295 155.761963
GoldenPoisonDartFrog1195 0.012209 37.588913 51.132156 169.333923 170.016495
GoldenPoisonDartFrog1206 0.005372 54.292049 36.848572 121.070740 202.718277
GoldenPoisonDartFrog272 0.014389 38.620491 39.417171 215.300446 147.272369
GoldenPoisonDartFrog387 0.014884 34.475403 32.549538 172.381256 158.360504
GoldenPoisonDartFrog398 0.005970 54.814445 25.281921 118.549980 206.433563
GoldenPoisonDartFrog592 0.005024 46.195580 65.259933 222.497559 186.811844
GoldenPoisonDartFrog801 0.013357 49.285217 67.260345 203.224060 181.821274
GoldenPoisonDartFrog802 0.007109 112.136513 27.151199 167.058441 189.988342
greetreefrog1087 0.006875 2.695686 9.599541 189.554504 219.252502
greetreefrog116 0.006241 1.000000 155.902161 14.879398 206.399475
greetreefrog13 0.005720 35.298203 29.916412 209.543213 170.820328
greetreefrog1393 0.006447 26.510361 36.807503 165.427521 214.484528
greetreefrog1706 0.006980 33.856995 45.055111 198.364075 127.971954
greetreefrog1809 0.080272 3.685059 45.839981 213.040192 220.186844
procVietnameseMossy875 0.016650 1.000000 47.533112 196.443359 201.599411
RedCrownedToadlet109 0.006297 1.000000 17.268646 194.856049 210.889664
RedCrownedToadlet267 0.006116 1.000000 38.677383 191.548462 165.127136
RedCrownedToadlet39 0.006505 1.000000 99.537537 115.957535 213.898651
RedCrownedToadlet406 0.009741 1.000000 66.661423 193.842682 210.008804
RedCrownedToadlet512 0.006920 16.440643 45.831394 143.143539 171.778152
RedCrownedToadlet583 0.006067 3.342049 31.017799 187.860016 178.519012
RedCrownedToadlet588 0.006549 11.979233 13.789131 171.986618 187.297546
RedCrownedToadlet624 0.007373 1.000000 1.000000 224.000000 196.864594
RedCrownedToadlet73 0.022374 18.700249 40.627800 156.148193 176.799103
RedCrownedToadlet752 0.005072 32.464195 23.190811 211.944885 166.065781
RedCrownedToadlet849 0.023237 8.677650 1.000000 219.970276 210.878326
RedCrownedToadlet923 0.018207 20.899101 10.281822 224.000000 224.000000
RedEyed11 0.009666 80.371971 1.000000 202.594543 171.786880
RedEyed115 0.011674 1.000000 35.992851 217.192139 146.204376
RedEyed166 0.005731 1.000000 1.000000 173.187866 129.502487
RedEyed442 0.016927 25.512627 55.416840 222.499969 190.969818
RedEyed497 0.017508 1.000000 9.067780 195.531433 206.162476
RedEyed503 0.007275 68.434479 53.343712 177.433884 200.300476
RedEyed509 0.005185 1.000000 19.237442 195.178864 164.454056
RedEyed597 0.006327 57.642014 36.885162 191.667953 224.000000
RedEyed603 0.005283 52.844578 27.898796 137.729553 194.423676
RedEyed637 0.007423 1.000000 49.930561 217.496002 176.177048
RedEyed652 0.014627 1.000000 74.565704 191.089142 214.497803
RedEyed737 0.005514 38.057922 35.429974 220.881073 151.278427
RedEyed808 0.018352 1.000000 9.117294 200.150406 219.494171
RedEyed85 0.008174 1.000000 20.388618 191.997467 161.265472
RedEyed86 0.010883 12.030746 1.000000 208.125412 197.812668
RedEyed955 0.007582 1.000000 29.599144 189.320984 188.871277
VietnameseMossy10 0.011932 58.688904 11.657860 193.998779 201.537811
VietnameseMossy14 0.008286 1.000000 49.677505 190.144470 174.075623
VietnameseMossy149 0.089845 33.171700 40.118080 218.409180 182.280548
VietnameseMossy160 0.060062 96.990303 3.614273 224.000000 224.000000
VietnameseMossy161 0.005329 32.726463 36.157433 200.309143 192.129852
VietnameseMossy169 0.010839 61.606346 69.783318 190.728821 206.595886
VietnameseMossy237 0.010297 47.557152 1.000000 203.834015 193.084351
VietnameseMossy334 0.013592 1.971308 1.000000 46.991150 213.689850
VietnameseMossy338 0.018993 16.637154 176.009399 194.133606 222.721802
VietnameseMossy338 0.020341 1.000000 104.829941 33.777466 176.264847
VietnameseMossy338 0.026392 137.152863 132.379150 224.000000 214.126129
VietnameseMossy596 0.043648 1.000000 73.555946 199.806000 218.192963
VietnameseMossy814 0.035982 1.000000 68.545074 199.516006 218.557861
VietnameseMossy9 0.007235 14.756783 28.066307 173.917694 215.376831
