1012 0.999975 18.258629 1.000000 193.628632 224.000000
1018 0.999716 1.000000 47.810463 217.123001 189.570801
1019 0.999963 35.019890 1.000000 199.555420 224.000000
1023 0.999994 41.772060 1.000000 143.673050 224.000000
1031 0.999994 1.000000 3.656021 208.530945 224.000000
1050 0.999803 16.543671 41.593513 219.456100 194.776337
1057 1.000000 19.064201 32.549515 206.121918 174.722549
1065 0.958934 42.327583 9.287193 223.250153 211.214874
1076 0.966531 40.745544 11.338974 187.770828 212.947830
1091 0.999861 1.000000 51.204849 122.445648 185.232239
1091 0.866440 5.530045 115.245171 148.207123 215.972015
113 0.997058 44.918892 15.454147 194.131500 199.254333
1135 0.999998 57.855957 26.902023 153.410110 218.658524
1156 0.999901 39.959442 30.748978 222.450958 180.622986
1175 0.999990 3.325272 1.000000 215.911774 224.000000
1181 0.999995 1.000000 1.000000 209.977417 224.000000
1186 0.996873 10.759430 19.144363 202.556549 223.445206
1195 0.999975 5.802643 5.896133 208.854019 201.431961
1196 0.999902 32.879730 42.122864 202.277359 174.577377
1249 0.999028 6.307060 13.888878 167.690063 224.000000
1259 0.999975 5.888680 4.667847 212.810638 224.000000
1263 0.996837 23.709511 29.935501 204.063202 181.012512
1272 0.999383 17.596596 1.000000 194.486603 205.351303
1288 0.925275 15.373116 93.227173 195.119171 175.940277
1288 0.997378 12.658791 25.761990 174.886719 122.398422
1288 0.015274 2.846069 19.591377 204.455658 201.311005
1288 0.006383 36.171219 60.553959 197.616257 145.801315
1291 0.999826 13.950043 8.637589 208.063278 217.522598
1307 0.999968 36.063019 21.850601 204.337891 195.985275
1313 0.999925 25.668381 27.024612 191.843155 191.894348
1323 0.999968 5.997391 65.135162 193.802841 197.535675
1340 0.902093 34.689037 41.463303 114.503952 203.111160
1340 0.941572 42.602905 32.693802 188.717590 205.780151
1349 0.999820 29.958801 12.628624 188.621048 157.522095
1354 0.998323 31.558685 56.685944 188.817642 163.287201
1358 0.999964 60.375687 38.525238 161.743774 193.693481
1369 0.998620 43.557610 36.338295 177.245636 200.686829
1380 0.999893 33.425468 55.167343 181.105164 192.088715
1394 0.999860 1.000000 63.730816 214.136780 186.376678
1425 0.999957 81.584267 46.799042 187.071472 200.711273
1426 0.998613 32.257332 17.831856 213.272675 216.984558
1437 0.999991 32.546661 40.138046 204.726944 166.894836
1446 0.997872 38.106384 8.262909 224.000000 197.495010
1448 0.999747 6.586052 5.669312 196.420959 199.705597
1457 0.998787 14.473068 35.185997 197.196198 224.000000
1459 0.998775 63.684448 17.055557 224.000000 214.406082
1459 0.005315 83.553375 33.677673 201.283234 150.406433
1460 0.993358 55.271622 40.191208 197.125916 201.059692
1463 0.999790 54.267258 29.755829 197.688156 182.483597
147 0.995802 1.943695 22.509933 176.309814 223.350784
1497 0.998918 57.748901 47.050369 210.352875 199.802170
1499 0.998249 26.420387 46.530556 173.749969 195.716431
1504 0.998900 48.387955 24.667320 200.732819 183.412537
1530 0.999079 31.621315 34.073181 190.484589 174.674713
1543 0.999128 58.259827 21.736816 220.618195 215.025757
1549 0.992572 42.858376 28.124069 205.550964 203.313126
1552 0.999673 4.229248 53.845264 199.488815 165.497192
1557 0.999950 1.000000 62.680649 212.902817 167.241409
1566 0.998795 35.076607 52.597504 183.704010 158.434830
1573 0.999849 68.283966 28.718246 168.787842 192.055450
1586 0.999803 16.273521 27.946426 192.872284 173.599670
1594 0.999606 70.661743 37.042923 160.313354 213.507217
1610 0.999535 15.471817 3.910789 184.242355 208.605927
1653 0.998758 8.575500 17.683189 159.507095 185.516327
1653 0.005898 27.402794 24.892502 130.617126 132.646103
1656 0.999840 31.073486 1.000000 217.697906 162.194977
1661 0.999660 29.044037 25.667030 209.765503 218.260742
1663 0.998628 11.395203 55.843887 193.194733 216.621048
1679 0.933265 65.212646 27.154518 207.523560 121.450554
1679 0.585193 30.816994 92.399979 205.722382 176.837143
1679 0.031832 36.629356 74.131203 136.178375 159.292694
1679 0.015798 76.460068 62.869640 190.516556 135.430283
1679 0.007131 45.483940 26.907364 224.000000 198.180664
1681 0.999932 44.428131 36.952301 160.976822 224.000000
1698 0.997979 37.239532 9.819176 199.612976 197.602844
1715 0.999621 24.082687 19.476868 200.485275 148.024338
173 0.998151 24.862694 18.932678 201.643738 203.158798
1744 0.999769 46.635712 62.924774 201.008759 183.684479
1749 0.999992 25.925964 48.028152 184.801636 154.964783
1755 0.999990 45.366890 46.337971 204.431641 156.213974
1763 0.999975 36.262085 40.985786 184.078110 191.778076
1799 0.999588 9.140800 18.446213 193.814697 218.455551
1800 0.999943 39.673912 56.480865 168.643127 194.162750
1803 0.998193 26.838516 1.000000 203.113022 202.362350
1814 0.999948 71.673767 12.009590 158.349152 173.290985
1823 0.999961 98.349823 1.000000 199.667999 224.000000
1858 0.999895 60.910088 7.340614 217.956512 172.137024
1881 0.998047 15.986023 31.992760 199.430054 224.000000
1882 0.998906 33.128624 17.468956 212.989777 214.013184
1892 0.999982 31.765938 1.619186 156.490417 169.570297
1894 0.998396 54.506882 35.049606 219.750992 203.947678
1919 0.999331 53.470108 25.485741 197.221909 192.269470
1954 0.993418 29.092697 23.680260 206.475296 209.560089
2004 0.996539 12.613495 17.015892 199.384888 203.017944
202 0.999851 42.118904 28.039162 219.732605 224.000000
206 0.999648 36.376297 31.145370 224.000000 224.000000
2063 0.999260 119.333969 17.179337 179.769333 224.000000
2063 0.985038 33.632900 27.387703 115.367157 213.030884
2063 0.114417 95.078300 1.000000 155.051971 219.205551
2063 0.023258 11.777420 1.000000 136.698166 156.932983
2064 0.999565 18.337997 32.462082 202.065369 124.902634
2064 0.612270 67.944717 111.236679 183.989273 168.269821
2064 0.016909 1.000000 113.103302 186.378891 188.751465
2064 0.012757 38.349098 86.883736 224.000000 150.851715
2064 0.010863 12.382568 76.582756 139.900925 224.000000
2086 0.999479 35.694344 5.115669 185.038940 150.012604
210 0.999743 28.809105 34.178017 211.503571 168.555023
2135 0.999552 30.422867 22.261589 214.459915 214.475677
22 0.930148 115.918404 86.743607 181.580292 167.554764
225 0.999765 40.926712 64.176819 176.649506 168.015121
226 0.998556 41.647919 16.917694 191.121552 217.596497
233 0.999985 34.247772 3.166817 179.153275 209.132263
234 0.999941 6.109116 38.529877 204.387238 180.937073
26 0.997951 1.000000 13.931259 189.595749 162.752197
267 0.999984 49.445190 16.520393 154.994156 191.747528
268 0.991920 7.047173 24.934998 166.938965 202.996338
268 0.996934 1.000000 8.571724 126.091339 130.398834
276 0.999995 74.523468 34.545845 176.967377 209.412170
278 0.999347 25.476856 37.412148 133.840485 206.270416
31 0.971221 38.572868 30.269051 177.683105 175.556274
323 0.999990 20.187752 7.901947 156.835083 163.125305
357 0.998551 12.754913 16.179665 167.383881 201.824738
382 0.999822 39.151680 43.978996 173.015289 199.398682
392 0.996603 26.295731 25.937469 221.309189 177.641220
397 0.999736 13.960464 8.959015 206.578445 224.000000
411 0.998743 31.200775 22.346718 210.934326 218.090179
419 0.999970 48.598221 52.690041 191.440475 188.899170
467 0.999868 89.024261 38.312187 184.585480 200.063080
501 0.999949 63.968391 2.036606 207.770050 140.963699
510 0.999970 62.737930 76.833603 208.091049 224.000000
516 1.000000 45.722149 5.814888 138.078415 224.000000
521 0.999871 16.054604 1.000000 150.674225 224.000000
55 0.999248 15.269913 43.764427 194.774048 184.000336
556 0.999953 1.000000 81.920967 224.000000 181.651306
594 0.999982 1.893692 72.240257 224.000000 161.944763
600 0.999142 26.805721 124.726723 109.923477 205.133942
600 0.031475 15.134346 82.544853 112.029625 224.000000
656 0.999400 6.659203 2.071686 204.428284 199.158722
668 0.999992 18.725464 1.000000 196.883133 101.400269
682 0.999578 26.730602 22.690147 154.553696 175.181732
693 0.442762 1.000000 67.775108 186.102676 218.892853
723 0.995601 98.388657 70.808380 199.184708 147.041275
723 0.104555 92.259674 102.433899 189.669922 224.000000
723 0.005804 47.988338 129.458160 137.191330 216.713104
75 0.997165 27.574699 17.948502 202.282837 224.000000
750 0.999996 70.358475 8.472382 173.235794 211.475586
763 0.993517 5.398857 4.595581 201.068573 210.548599
787 0.999776 5.088081 12.121475 174.375305 224.000000
818 0.997674 46.820663 9.581406 219.616989 224.000000
829 0.996405 17.651604 4.224854 210.724670 207.972275
849 0.999844 71.661522 16.467621 207.241608 191.714844
860 0.999413 12.508057 2.149673 194.659241 164.987656
870 0.999258 10.841980 110.302750 224.000000 187.488510
870 0.097709 63.758827 1.000000 208.747955 156.014191
906 0.815171 1.000000 12.278542 221.891541 142.940613
906 0.987804 7.610161 115.817719 205.024780 181.361877
925 0.999982 6.992584 7.775558 209.269562 224.000000
926 0.998483 23.627159 10.868652 205.589355 224.000000
940 0.998141 1.000000 3.303078 189.836594 219.035767
947 0.999195 21.711914 112.541962 217.545395 189.791595
947 0.965171 69.758766 74.679726 151.327820 132.143661
947 0.046209 45.769981 63.818840 174.769684 151.232513
955 0.989410 39.838539 42.214684 108.604515 194.435150
955 0.370407 105.388580 34.548759 140.727417 206.874542
955 0.291578 92.674042 71.110756 157.819977 148.234192
955 0.024944 84.111053 34.470261 163.468658 201.948929
955 0.005507 37.344280 104.509293 119.463638 174.747940
956 0.992996 42.654755 33.323971 194.336182 109.636475
956 0.754427 63.246017 100.653168 157.920044 145.119110
956 0.042013 44.665688 75.565918 175.781464 172.426178
968 0.984364 127.141830 128.330719 202.754684 203.326324
972 0.993840 16.587669 17.042374 207.055359 213.190567
BluePoisonDartFrog1158 0.061225 33.885536 8.816414 197.672302 159.367310
BluePoisonDartFrog1198 0.006877 3.779434 5.536106 224.000000 78.313049
BluePoisonDartFrog1222 0.012671 19.826523 24.273331 189.824997 167.174606
BluePoisonDartFrog1409 0.011481 24.770424 55.741982 198.007019 222.056824
BluePoisonDartFrog240 0.014583 29.678261 16.011703 185.613251 168.508804
BluePoisonDartFrog378 0.009775 6.132088 13.889771 210.343597 197.155914
BluePoisonDartFrog387 0.005058 18.006363 27.807503 224.000000 173.697876
BluePoisonDartFrog586 0.007502 87.383499 53.425873 208.050278 190.982727
BluePoisonDartFrog939 0.024193 1.000000 1.000000 192.672012 202.357452
BluePoisonDartFrog94 0.010719 56.158997 57.005745 194.572723 212.518066
CaneToad1,235 0.048732 21.934296 18.904091 203.135681 168.616089
CaneToad1,239 0.325482 4.886200 3.968765 160.581543 220.132858
CaneToad1,241 0.116501 23.547821 1.487946 224.000000 210.814972
CaneToad1,379 0.012031 67.015205 1.000000 194.650482 219.223297
CaneToad1,450 0.009140 29.478298 1.000000 146.532684 224.000000
CaneToad1,483 0.007813 46.642372 1.000000 163.301941 196.882126
CaneToad1,525 0.287365 43.271980 29.965096 221.548737 172.979248
CaneToad1,579 0.044182 21.537270 28.674706 201.400665 162.730743
CaneToad1,583 0.012322 29.172554 31.737976 220.205353 171.327499
CaneToad1,733 0.005861 35.620605 32.814423 180.951202 181.934891
CaneToad1,755 0.008879 159.765488 121.857452 221.433243 220.786530
CaneToad1,862 0.008753 39.637665 47.172623 182.771271 197.022873
CaneToad1,913 0.010039 9.059059 65.293907 117.869797 203.043762
CaneToad1,947 0.006749 64.398224 74.057899 202.241913 181.162903
CaneToad1,973 0.005023 55.001637 25.746246 164.065155 220.958893
CaneToad2,102 0.005916 49.614929 4.039375 168.310699 211.298889
CaneToad2,120 0.020360 73.178650 1.000000 196.206726 224.000000
CaneToad2,136 0.005069 39.135323 1.000000 167.085419 223.756683
corroboreefrog1003 0.021565 18.647461 10.850327 204.032135 193.134811
corroboreefrog1012 0.049176 10.801208 10.937088 179.011185 201.324844
corroboreefrog1014 0.066353 25.671700 32.324730 211.361725 224.000000
corroboreefrog1022 0.021625 57.518593 20.950928 203.698303 202.796432
corroboreefrog1023 0.013417 33.498360 21.728233 224.000000 184.916351
corroboreefrog1029 0.040313 30.643318 47.432907 183.513550 213.703690
corroboreefrog1041 0.012089 54.453186 16.266991 207.325928 184.055145
corroboreefrog1052 0.034354 24.501442 39.429634 164.950653 210.013611
corroboreefrog1076 0.046826 29.461365 63.374474 215.432556 197.149475
corroboreefrog1151 0.079554 88.430374 1.000000 210.778336 224.000000
corroboreefrog1152 0.089457 7.768776 23.694725 224.000000 174.607544
corroboreefrog122 0.010189 8.650864 30.366447 150.489624 156.405762
corroboreefrog1244 0.016619 37.525711 31.021156 190.347015 224.000000
corroboreefrog129 0.005017 88.454544 25.043961 191.392471 224.000000
corroboreefrog1291 0.127919 56.721416 33.919632 177.789780 219.729172
corroboreefrog1295 0.045144 14.745728 1.000000 169.390503 190.153854
corroboreefrog1304 0.005689 32.829773 20.963249 93.418808 160.354004
corroboreefrog1326 0.006095 112.223267 12.928520 190.833954 153.485138
corroboreefrog1367 0.007267 88.378136 10.495041 224.000000 191.101395
corroboreefrog1369 0.008933 21.680305 43.426331 135.468750 201.063965
corroboreefrog1475 0.010201 46.281464 2.019913 209.952148 169.651077
corroboreefrog1490 0.009195 18.386292 39.243965 219.761414 224.000000
corroboreefrog1549 0.049094 6.595467 56.866524 180.786621 218.874634
corroboreefrog1601 0.006727 41.369324 68.413857 163.885757 195.539581
corroboreefrog1609 0.005850 19.021942 39.816307 160.039673 198.770630
corroboreefrog1681 0.026791 25.259483 42.487206 173.241882 221.951294
corroboreefrog1707 0.008206 1.000000 29.398041 193.038361 171.812683
corroboreefrog1732 0.006557 2.426609 116.731125 109.604370 224.000000
corroboreefrog1778 0.162415 69.490044 1.000000 194.021515 224.000000
corroboreefrog1856 0.060879 65.987717 2.754044 168.696976 224.000000
corroboreefrog1881 0.005625 18.223526 80.369644 174.582764 205.338058
corroboreefrog1886 0.008648 47.602432 88.195755 169.951645 207.298569
corroboreefrog196 0.018515 36.154434 28.140938 186.800949 162.617340
corroboreefrog2 0.006833 33.786812 6.612854 180.674072 166.678009
corroboreefrog212 0.006818 53.564690 45.768188 200.902771 158.071747
corroboreefrog261 0.008627 53.165264 85.583557 180.784256 191.645355
corroboreefrog323 0.023762 13.665199 60.980835 175.815216 220.133392
corroboreefrog349 0.013578 42.375290 51.669601 224.000000 209.903976
corroboreefrog42 0.025699 23.054810 37.944122 196.734650 223.117737
corroboreefrog44 0.032594 27.186844 38.972862 198.721725 221.258942
corroboreefrog487 0.009439 47.093307 18.317276 189.857925 172.849319
corroboreefrog499 0.013597 42.201569 60.214340 189.945038 172.651443
corroboreefrog583 0.009329 33.243195 39.103638 203.894760 222.233795
corroboreefrog649 0.006152 35.345993 6.114731 189.087097 175.881546
corroboreefrog66 0.017117 44.823608 15.431908 179.162170 142.352539
corroboreefrog67 0.015187 27.029755 47.114975 165.324585 216.958664
corroboreefrog672 0.042497 11.883377 46.848923 223.450089 217.060928
corroboreefrog700 0.005050 23.447220 40.982624 208.489822 132.123901
corroboreefrog729 0.039347 1.000000 57.551117 224.000000 162.547256
corroboreefrog765 0.013549 12.772827 93.384888 224.000000 224.000000
corroboreefrog775 0.015022 10.687111 22.251930 154.007294 224.000000
corroboreefrog795 0.008475 61.544651 47.650276 184.244141 223.804443
corroboreefrog822 0.006376 10.112053 33.860252 181.463959 224.000000
corroboreefrog83 0.016169 89.193985 1.000000 214.165848 200.683350
corroboreefrog833 0.009685 35.161575 97.152519 214.340836 224.000000
corroboreefrog838 0.007403 4.295746 98.289337 181.220062 224.000000
corroboreefrog864 0.053944 11.477730 20.743896 178.278595 162.915787
corroboreefrog909 0.062615 13.452568 1.000000 214.466614 215.024750
corroboreefrog913 0.016821 2.659256 13.853867 203.183411 174.764206
corroboreefrog915 0.071559 44.979660 7.865814 196.316925 182.105072
corroboreefrog934 0.017279 27.887257 22.112259 145.633041 144.880539
corroboreefrog935 0.013065 13.978798 41.424072 143.419159 157.041809
corroboreefrog936 0.018561 77.978600 80.710831 208.119415 198.001480
corroboreefrog947 0.015569 68.030411 51.526306 213.208878 212.677521
GBF1015 0.007104 59.551888 42.213272 173.339417 206.380844
GBF107 0.008769 65.106018 36.681648 200.177490 164.606293
GBF117 0.037405 26.787582 96.249870 158.591461 224.000000
GBF123 0.013385 1.000000 25.027290 193.510315 224.000000
GBF192 0.165478 10.286011 15.678719 212.736053 224.000000
GBF193 0.028949 6.256905 35.136116 170.998444 224.000000
GBF220 0.007421 27.804756 68.847427 174.729126 195.719040
GBF247 0.017663 22.399284 12.572845 224.000000 224.000000
GBF277 0.023470 28.585480 9.850586 224.000000 224.000000
GBF299 0.007922 24.220497 30.097092 197.035950 224.000000
GBF313 0.005865 36.709976 15.664894 191.536667 168.283112
GBF324 0.147128 18.159935 12.704010 215.605377 224.000000
GBF329 0.023451 24.204948 49.896568 143.516418 215.761292
GBF348 0.010048 56.172516 62.133240 193.092987 189.251129
GBF372 0.008131 54.951775 66.282997 206.753632 201.309692
GBF396 0.012142 3.298500 1.099060 220.920959 224.000000
GBF399 0.005062 41.678185 60.452412 218.913696 167.844009
GBF453 0.129083 72.501907 38.688324 192.154129 196.567429
GBF478 0.012361 1.000000 35.305206 186.739319 224.000000
GBF56 0.005188 1.000000 17.340317 194.914825 224.000000
GBF565 0.006105 24.353813 18.313690 203.723846 224.000000
GBF589 0.009257 71.563873 22.488640 148.115341 192.415558
GBF590 0.017152 11.394775 4.404953 224.000000 224.000000
GBF593 0.006507 60.109245 32.641426 212.544342 163.872253
GBF646 0.007366 47.932999 31.095551 222.523209 224.000000
GBF653 0.035127 14.308815 8.910652 211.744781 224.000000
GBF73 0.015420 6.617630 53.254799 224.000000 211.053162
GBF785 0.007219 15.411934 11.076538 223.821960 224.000000
GBF897 0.548922 9.099854 30.856712 220.470490 224.000000
GBF913 0.101703 9.100700 59.454605 201.606323 205.882858
GBF935 0.731802 75.044113 17.758636 158.330688 219.613724
GBF935 0.993692 49.774132 1.000000 167.291870 144.789886
GBF985 0.019899 33.164680 46.398563 217.262604 154.316971
GGBF100 0.008573 52.452812 7.928383 200.104279 145.850281
GGBF154 0.008915 68.618652 66.891548 184.552734 195.995300
GGBF155 0.005435 35.130211 57.370407 224.000000 208.258347
GGBF175 0.005509 127.820480 1.000000 212.196060 224.000000
GGBF385 0.036752 14.600021 14.416901 211.143234 166.931244
GGBF611 0.016892 1.000000 69.338554 224.000000 162.052521
GGBF747 0.076862 42.194557 29.768124 146.719788 155.552734
GGBF747 0.038811 6.414490 14.520790 217.313248 159.727631
GGBF800 0.038089 57.902832 38.414436 191.372528 214.671967
GGBF810 0.963984 43.681808 18.246902 219.894516 183.446564
GGBF824 0.906472 99.454330 44.881042 181.715897 175.173721
GGBF849 0.567951 82.307709 81.063019 151.965881 136.199203
GGBF849 0.010995 72.926483 20.572220 160.137207 149.437912
GGBF849 0.006004 86.463219 56.405926 148.440460 116.950714
GGBF871 0.006720 69.302773 4.901848 224.000000 215.740448
GGBF874 0.009255 83.275040 14.120064 179.679520 224.000000
GGBF889 0.005933 36.106369 45.965851 186.490646 219.917511
GGBF901 0.013850 71.050781 1.000000 212.098236 190.918579
GoldenPoisonDartFrog223 0.005568 73.725067 43.299133 190.326965 190.615524
GoldenPoisonDartFrog482 0.020798 160.861282 14.026062 224.000000 61.291779
GoldenPoisonDartFrog694 0.011434 62.362717 1.000000 181.412888 224.000000
GoldenPoisonDartFrog810 0.005539 90.177147 1.000000 213.551788 224.000000
GoldenPoisonDartFrog966 0.007937 39.711433 41.843559 192.357788 161.377502
greetreefrog1008 0.120694 31.829094 54.263416 186.583069 178.035156
greetreefrog1028 0.022863 103.213379 56.411621 183.860931 134.401443
greetreefrog1041 0.081941 65.197159 28.316246 166.089005 175.136261
greetreefrog1119 0.014306 69.492302 45.237225 169.723419 169.133820
greetreefrog1126 0.018508 33.804436 56.940948 145.347351 210.917358
greetreefrog1154 0.005918 33.149712 28.846718 190.293945 190.894989
greetreefrog1155 0.006905 37.590309 44.284615 197.421295 195.646423
greetreefrog116 0.006453 38.569939 26.989197 221.799408 224.000000
greetreefrog1189 0.007686 1.000000 13.409058 205.933167 184.492096
greetreefrog1210 0.013877 71.103638 48.291824 175.482651 203.288223
greetreefrog1243 0.010184 1.000000 25.358299 192.697449 224.000000
greetreefrog1269 0.011784 71.693893 43.419052 160.606644 207.729782
greetreefrog1275 0.008701 1.000000 38.984550 197.749756 162.675995
greetreefrog1283 0.005137 32.255173 1.608604 164.024414 186.350189
greetreefrog1290 0.006964 1.000000 1.442413 224.000000 77.639374
greetreefrog1295 0.019700 1.000000 14.350075 149.388947 126.991768
greetreefrog13 0.026657 35.298203 29.916412 209.543213 170.820328
greetreefrog1311 0.050649 47.788200 24.205788 217.872803 190.877625
greetreefrog1337 0.008048 1.000000 29.933662 222.076569 224.000000
greetreefrog1357 0.007787 16.887611 93.090729 163.849518 128.142639
greetreefrog1363 0.007434 101.779976 75.198479 158.398346 224.000000
greetreefrog1427 0.037064 35.403198 20.854568 224.000000 207.018539
greetreefrog1490 0.034009 47.682846 54.775673 135.229599 224.000000
greetreefrog1515 0.006135 1.000000 66.694366 203.420715 180.547913
greetreefrog1524 0.007092 1.000000 26.993828 224.000000 224.000000
greetreefrog153 0.008052 25.767719 39.299896 108.283279 95.145660
greetreefrog1593 0.006773 94.910248 159.042496 160.569946 201.786972
greetreefrog1593 0.049995 1.000000 96.273964 79.204483 137.710114
greetreefrog1645 0.016295 66.408478 39.262337 165.445541 195.418518
greetreefrog1682 0.076792 40.480927 21.395035 220.764771 224.000000
greetreefrog1694 0.059254 1.000000 82.780609 206.967148 202.727203
greetreefrog1721 0.015301 28.079681 47.917786 204.243271 214.121582
greetreefrog1780 0.005265 61.103252 37.155411 186.930710 166.889191
greetreefrog1803 0.021676 58.941971 30.101402 221.141190 224.000000
greetreefrog1805 0.029670 5.281761 40.640388 166.544159 217.857849
greetreefrog1827 0.008783 24.096931 28.549316 224.000000 195.979004
greetreefrog1871 0.014285 1.000000 13.520950 192.154556 188.157852
greetreefrog1884 0.028400 35.234039 36.797928 162.600494 198.040970
greetreefrog1917 0.012935 30.007797 12.115631 224.000000 199.668549
greetreefrog1923 0.015296 1.000000 2.799400 194.319366 205.266235
greetreefrog1967 0.055449 44.437836 27.798004 216.239410 172.560135
greetreefrog210 0.024100 75.454781 26.211052 185.558716 193.953766
greetreefrog224 0.005471 42.401207 66.362183 180.452515 165.862228
greetreefrog245 0.023835 67.888863 29.690308 209.843811 171.486862
greetreefrog302 0.032485 44.531044 71.132004 177.888855 194.972794
greetreefrog351 0.059206 128.862885 5.668785 213.759583 179.946259
greetreefrog397 0.008896 23.517952 34.333221 212.233521 224.000000
greetreefrog46 0.012415 56.988140 58.861176 176.743652 188.521912
greetreefrog473 0.060178 53.181061 4.577148 214.860229 196.902847
greetreefrog499 0.027557 31.171524 10.585361 198.324631 116.171661
greetreefrog500 0.029523 117.665710 43.464264 206.863129 203.712677
greetreefrog502 0.021756 108.230423 67.062767 220.287338 213.215332
greetreefrog533 0.013863 55.093460 1.000000 173.996277 208.186096
greetreefrog555 0.041229 1.581764 57.130005 189.304993 209.767303
greetreefrog579 0.005732 42.181282 34.525932 217.272705 164.447235
greetreefrog581 0.009900 30.691803 28.579712 169.977585 224.000000
greetreefrog593 0.023082 18.290504 12.603348 149.746338 142.243393
greetreefrog62 0.075835 22.217911 67.875458 143.608780 194.338257
greetreefrog630 0.025112 99.068634 62.931427 209.578857 199.606201
greetreefrog646 0.005930 41.416336 2.193840 220.781235 200.512604
greetreefrog656 0.006823 17.936562 8.692772 221.752228 191.342560
greetreefrog710 0.007742 12.396530 33.585701 186.128708 224.000000
greetreefrog721 0.051413 55.248329 1.000000 218.639984 195.549866
greetreefrog736 0.005998 52.306313 1.000000 193.222504 123.898071
greetreefrog757 0.014344 20.413406 28.534363 212.396225 224.000000
greetreefrog774 0.005095 21.952087 22.127205 192.529236 191.921967
greetreefrog79 0.036655 55.964840 44.700294 140.056320 203.325928
greetreefrog797 0.009062 61.382271 80.270264 200.001373 186.059204
greetreefrog802 0.012256 70.128784 69.609024 192.583313 198.358902
greetreefrog842 0.005567 13.723274 51.225937 220.812042 208.300949
greetreefrog868 0.016122 49.877319 1.000000 212.586945 191.777512
greetreefrog876 0.186725 12.393524 40.951111 217.574341 219.037628
greetreefrog901 0.020424 58.309669 46.090225 169.412964 187.589706
greetreefrog907 0.107286 59.662354 1.000000 202.167267 189.409058
greetreefrog926 0.027271 17.871277 29.162743 215.978516 224.000000
greetreefrog962 0.048965 43.243843 28.657074 153.922241 174.642227
greetreefrog964 0.016795 71.564293 72.250076 204.998993 210.197128
greetreefrog969 0.005639 38.062454 39.428303 152.430542 166.987915
procVietnameseMossy875 0.008494 30.325584 54.660782 224.000000 221.579239
RedCrownedToadlet109 0.077697 1.000000 17.268646 194.856049 210.889664
RedCrownedToadlet121 0.014200 17.962654 2.610306 170.799835 186.432480
RedCrownedToadlet149 0.005127 38.815323 1.000000 189.928391 193.957977
RedCrownedToadlet266 0.008135 28.502274 1.000000 181.544525 193.093079
RedCrownedToadlet299 0.042064 1.000000 59.480927 195.497681 194.288208
RedCrownedToadlet406 0.023040 1.000000 66.661423 193.842682 210.008804
RedCrownedToadlet461 0.006436 1.000000 16.926521 171.867813 151.895325
RedCrownedToadlet466 0.016034 3.585594 19.108513 182.965240 224.000000
RedCrownedToadlet476 0.005121 32.733452 31.829887 194.470032 157.150330
RedCrownedToadlet49 0.049963 1.000000 19.599297 195.530365 211.106201
RedCrownedToadlet526 0.023636 42.737167 48.766502 221.209061 221.095337
RedCrownedToadlet583 0.028830 40.311317 10.131050 221.599121 197.744171
RedCrownedToadlet6 0.009326 65.842926 1.000000 198.924683 224.000000
RedCrownedToadlet621 0.015666 25.319641 59.458038 201.519653 201.370911
RedCrownedToadlet631 0.005113 60.699562 44.199364 220.083588 181.741699
RedCrownedToadlet668 0.006853 91.348457 1.000000 217.797638 197.495972
RedCrownedToadlet67 0.011193 26.278023 1.674126 217.747437 167.821747
RedCrownedToadlet678 0.022002 1.000000 1.000000 192.229309 190.466232
RedCrownedToadlet73 0.006209 18.700249 40.627800 156.148193 176.799103
RedCrownedToadlet858 0.006773 48.894485 55.564789 173.945648 193.709045
RedCrownedToadlet937 0.008503 23.142960 12.242065 192.953125 201.452972
RedCrownedToadlet992 0.005213 67.885696 9.542511 163.177200 223.757065
RedEyed11 0.008898 95.977898 1.000000 224.000000 174.857635
RedEyed115 0.011415 23.798401 32.584244 224.000000 152.073456
RedEyed166 0.007552 15.888672 2.152130 181.481781 151.449463
RedEyed169 0.014319 77.023453 9.623863 185.829514 205.739716
RedEyed290 0.011908 28.275543 45.184166 145.155655 224.000000
RedEyed293 0.006843 53.485313 36.005085 182.560883 155.985977
RedEyed442 0.008484 24.418083 68.681564 219.899384 195.901566
RedEyed471 0.008657 57.321976 20.739616 202.527512 209.118713
RedEyed509 0.009379 1.169380 32.595634 211.510712 224.000000
RedEyed546 0.005027 56.916649 66.844162 108.350777 204.299271
RedEyed652 0.005639 33.334717 76.588776 201.833374 204.350616
RedEyed671 0.006693 91.320908 6.315346 201.497025 180.153595
RedEyed692 0.025169 14.153122 35.434669 206.609421 224.000000
RedEyed706 0.008359 53.489735 50.540016 174.925095 168.631683
RedEyed718 0.009971 108.988678 101.685822 220.810181 178.992798
RedEyed737 0.005535 33.671333 31.387352 224.000000 166.565186
RedEyed751 0.005293 37.768326 41.838661 202.028702 176.853638
RedEyed756 0.006205 64.550392 35.138306 187.465881 166.863251
RedEyed772 0.028071 26.904549 5.664612 201.505402 164.745880
RedEyed804 0.006052 150.744568 172.247894 212.213776 224.000000
RedEyed804 0.713450 157.011169 148.845459 220.324066 212.681305
RedEyed808 0.011589 17.037636 19.649467 214.035675 224.000000
RedEyed826 0.009278 45.792755 28.699379 185.584534 156.764313
RedEyed827 0.020386 79.650246 92.912224 133.333969 125.456429
RedEyed85 0.022093 1.000000 12.077614 192.516235 206.361328
RedEyed86 0.008851 5.475243 24.515732 214.904175 224.000000
RedEyed944 0.023745 122.636276 1.000000 221.643631 160.399658
RedEyed955 0.028450 51.524918 21.601837 185.696518 168.656891
RedEyed990 0.116253 1.000000 9.065712 217.744904 202.861328
RedEyed994 0.035028 56.887604 47.597618 208.647858 220.429779
VietnameseMossy137 0.007133 44.087311 9.160301 177.701065 142.573425
VietnameseMossy169 0.015211 61.606346 69.783318 190.728821 206.595886
VietnameseMossy176 0.007326 40.840393 3.379227 221.057648 201.622589
VietnameseMossy239 0.020892 1.000000 21.509987 203.943848 150.946014
VietnameseMossy240 0.010935 1.000000 15.977158 190.067993 215.777344
VietnameseMossy304 0.005558 2.768059 38.764244 187.569214 223.654266
VietnameseMossy676 0.007466 1.000000 20.097687 186.939423 158.257980
VietnameseMossy725 0.008422 58.980957 1.909157 204.421875 186.862122
VietnameseMossy9 0.008066 26.319916 42.653214 206.347260 222.879868
