1065 0.079614 39.395180 34.718719 205.718811 224.000000
113 0.009604 71.267548 19.264526 194.690002 209.637619
1263 0.006569 1.000000 34.389534 194.958054 178.060577
1272 0.005150 1.000000 1.000000 189.759659 194.146240
1340 0.015402 75.614914 31.008636 190.063309 210.313583
1349 0.008126 15.727097 3.532310 175.840652 166.557953
1369 0.006151 55.846256 50.993553 175.655533 211.794373
1459 0.014060 54.252693 4.854721 201.957642 222.764603
147 0.010199 10.880356 26.556816 190.373245 205.796539
1504 0.009894 52.117134 16.098953 216.905487 171.232574
1549 0.014709 42.093590 42.057892 203.113678 219.626434
1557 0.016736 12.128380 60.493755 215.864441 162.173203
1594 0.005398 66.815178 42.254860 167.786713 224.000000
1610 0.005448 7.312943 1.000000 178.730362 196.747437
1653 0.021664 1.000000 15.341019 132.134766 188.880173
1715 0.007598 1.000000 19.489700 191.070862 145.435516
173 0.012635 27.142120 22.633919 199.567505 165.386505
1803 0.013192 36.131645 1.000000 201.322571 178.469437
1881 0.015279 2.716171 28.185913 184.684616 218.462784
1919 0.010685 43.806023 35.716904 197.237915 224.000000
1954 0.016493 43.976028 34.814400 216.717880 197.959595
2086 0.005248 21.432678 1.000000 200.916428 127.083725
234 0.005375 1.000000 35.372097 218.233704 153.032623
26 0.011499 15.053909 24.968513 167.268936 172.839081
267 0.007262 48.462227 34.434692 160.278900 224.000000
268 0.008500 31.083145 51.986168 171.117889 213.344421
278 0.006462 37.395897 57.719788 132.912262 224.000000
357 0.008874 40.209347 39.575615 161.631119 221.250366
397 0.006745 3.736160 24.845657 187.268173 224.000000
55 0.006497 11.016876 25.384125 197.784714 162.700897
556 0.006689 19.284355 81.097977 224.000000 172.707626
829 0.013223 24.260315 4.802620 224.000000 182.623352
940 0.041033 1.000000 1.000000 189.964340 197.398087
972 0.006215 1.000000 11.065277 201.506897 216.306473
BluePoisonDartFrog1004 0.024724 58.436760 3.128242 203.799194 187.108551
BluePoisonDartFrog1036 0.005480 54.485580 32.281784 177.139465 171.794785
BluePoisonDartFrog107 0.005461 96.248932 84.544800 222.159271 207.731018
BluePoisonDartFrog1081 0.007617 10.031181 147.684021 201.591370 217.073425
BluePoisonDartFrog1158 0.008213 61.635170 1.000000 201.750122 180.379913
BluePoisonDartFrog1208 0.010454 59.972137 40.779514 186.227173 160.949814
BluePoisonDartFrog1222 0.026570 11.050682 23.261040 164.995026 166.796631
BluePoisonDartFrog1278 0.015867 46.825558 83.870392 172.541473 192.156647
BluePoisonDartFrog1286 0.015955 81.941147 72.264282 211.860336 197.471893
BluePoisonDartFrog1293 0.011711 26.702347 58.671928 173.536285 201.849030
BluePoisonDartFrog135 0.017131 1.000000 1.000000 224.000000 197.172379
BluePoisonDartFrog1357 0.009790 21.116951 51.404083 112.567039 149.944977
BluePoisonDartFrog1380 0.005568 33.471413 72.233101 197.203644 169.632599
BluePoisonDartFrog1392 0.018405 1.000000 29.971588 200.413818 160.200851
BluePoisonDartFrog1409 0.023179 20.802315 52.121010 195.291504 200.081940
BluePoisonDartFrog141 0.022806 1.000000 28.340805 195.101608 224.000000
BluePoisonDartFrog1453 0.007653 35.493439 59.612152 182.687302 174.541168
BluePoisonDartFrog1475 0.013802 1.000000 43.242142 193.993454 181.798416
BluePoisonDartFrog17 0.018851 1.000000 30.379295 196.130341 224.000000
BluePoisonDartFrog240 0.011449 31.965195 24.895027 181.567139 180.996338
BluePoisonDartFrog260 0.006829 96.560333 27.856491 224.000000 218.475967
BluePoisonDartFrog270 0.014056 33.765129 43.503265 202.265472 171.960846
BluePoisonDartFrog299 0.009542 36.537460 1.000000 162.731537 214.299454
BluePoisonDartFrog355 0.006909 1.000000 26.532555 194.679565 178.420715
BluePoisonDartFrog378 0.039605 1.000000 1.000000 200.214203 189.768661
BluePoisonDartFrog387 0.009626 1.000000 23.651169 191.352707 178.579300
BluePoisonDartFrog414 0.017298 18.688065 20.113548 171.995605 191.140259
BluePoisonDartFrog470 0.010878 45.003143 59.082993 218.548187 187.200150
BluePoisonDartFrog568 0.029196 23.321014 51.264290 164.201782 217.275665
BluePoisonDartFrog586 0.008960 77.894547 70.192535 202.261581 190.540039
BluePoisonDartFrog643 0.016314 17.311234 27.445877 170.004044 224.000000
BluePoisonDartFrog644 0.011480 58.497463 73.736732 177.788483 199.792572
BluePoisonDartFrog653 0.010784 1.000000 14.963516 181.436493 173.945419
BluePoisonDartFrog76 0.010966 14.001434 10.759090 218.874908 88.969742
BluePoisonDartFrog778 0.008898 68.085510 34.361786 194.224762 169.577240
BluePoisonDartFrog782 0.020493 1.000000 1.000000 224.000000 199.693665
BluePoisonDartFrog786 0.008704 1.000000 1.000000 221.007080 204.136566
BluePoisonDartFrog830 0.034100 20.891998 142.466232 216.437012 223.444107
BluePoisonDartFrog936 0.013176 4.893909 38.938614 89.992249 221.117599
BluePoisonDartFrog939 0.023986 1.000000 1.000000 192.672012 202.357452
BluePoisonDartFrog94 0.008643 62.093803 57.177567 212.498566 210.840775
BluePoisonDartFrog97 0.026469 6.123535 1.000000 214.082413 197.746658
CaneToad1,010 0.999450 7.962723 9.378113 167.713562 223.569153
CaneToad1,012 1.000000 9.806778 8.410263 221.388382 154.643631
CaneToad1,012 0.100636 1.000000 38.549198 224.000000 130.995865
CaneToad1,036 0.027518 33.840279 11.435402 224.000000 224.000000
CaneToad1,049 0.999995 1.346481 1.000000 201.548141 210.152679
CaneToad1,052 0.992762 96.875671 1.000000 177.724731 213.021332
CaneToad1,052 0.054273 69.613777 1.000000 217.526459 224.000000
CaneToad1,053 0.999953 3.551666 1.000000 220.280090 224.000000
CaneToad1,058 0.997303 46.248558 47.149345 199.374390 196.058563
CaneToad1,074 0.999179 4.801125 22.266212 182.475281 183.337921
CaneToad1,085 0.999913 44.393333 14.701187 192.689301 224.000000
CaneToad1,106 0.999894 16.371101 32.718353 191.941620 191.786865
CaneToad1,110 0.986895 62.040726 15.740959 224.000000 204.008636
CaneToad1,127 0.329667 46.143921 170.400177 224.000000 224.000000
CaneToad1,127 0.101956 42.028046 108.426468 174.046219 200.101395
CaneToad1,127 0.012096 55.117653 6.439434 161.549530 132.600250
CaneToad1,127 0.005228 59.163857 79.873184 175.071777 154.889130
CaneToad1,128 0.999965 12.603340 1.000000 198.626709 183.761932
CaneToad1,145 0.995928 30.947098 117.806793 139.335175 182.189117
CaneToad1,155 0.999968 1.000000 14.043381 218.400970 218.445663
CaneToad1,174 0.695125 101.558968 51.570953 243.184540 219.401184
CaneToad1,175 0.999873 29.549507 47.555222 216.711578 224.000000
CaneToad1,213 0.943735 14.438652 1.000000 199.798035 224.000000
CaneToad1,213 0.022114 58.911663 1.000000 152.163513 224.000000
CaneToad1,235 0.244057 20.071480 33.635269 193.009430 167.271500
CaneToad1,239 0.455659 4.886200 3.968765 160.581543 220.132858
CaneToad1,239 0.176636 93.092720 10.681053 174.924225 221.365997
CaneToad1,241 0.451855 1.000000 1.000000 222.624359 202.169220
CaneToad1,262 0.998564 20.718712 28.073524 205.454254 183.600739
CaneToad1,282 0.999851 1.000000 26.192726 255.002548 254.925385
CaneToad1,336 0.999928 76.526550 6.791206 224.136475 256.000000
CaneToad1,361 0.999975 13.562943 1.503952 231.877655 253.318283
CaneToad1,365 0.999548 44.019455 10.193054 221.216599 217.259720
CaneToad1,368 0.999950 1.000000 1.000000 186.937363 224.000000
CaneToad1,377 0.999724 1.000000 1.000000 218.040665 224.000000
CaneToad1,378 0.999617 45.386353 61.865967 193.307556 216.261017
CaneToad1,379 0.999828 50.809143 1.000000 185.106995 213.137756
CaneToad1,387 0.999976 1.000000 34.403954 224.000000 224.000000
CaneToad1,403 0.999911 77.998154 60.065239 170.866104 207.961945
CaneToad1,413 0.999901 1.000000 49.777534 218.146408 222.102875
CaneToad1,422 0.999961 1.000000 1.000000 218.776245 210.047455
CaneToad1,429 0.999954 1.000000 28.484467 224.000000 215.364136
CaneToad1,450 0.999937 1.000000 1.614632 171.244263 224.000000
CaneToad1,465 0.040461 1.000000 15.029083 208.922455 176.818207
CaneToad1,483 0.999312 1.000000 1.000000 177.694763 186.062012
CaneToad1,484 0.201996 94.021164 83.870605 203.479416 198.869293
CaneToad1,484 0.226604 77.269974 1.000000 211.586838 220.817154
CaneToad1,494 0.160660 6.272659 75.252563 173.446304 159.683960
CaneToad1,494 0.016335 11.375481 3.339539 212.461334 152.420425
CaneToad1,494 0.013353 89.692764 16.775814 210.146835 90.151428
CaneToad1,507 0.999998 5.153954 1.000000 203.616394 217.243134
CaneToad1,509 0.997890 4.081131 29.166206 220.843811 176.308319
CaneToad1,525 0.982395 44.378128 29.035248 193.562683 176.365997
CaneToad1,564 0.999950 1.000000 17.881264 223.439850 193.391022
CaneToad1,579 0.990947 43.072670 41.000854 199.773590 172.276047
CaneToad1,583 0.990815 48.523582 4.669098 221.601196 166.897278
CaneToad1,627 0.027788 32.801010 109.045654 143.398071 174.029755
CaneToad1,627 0.026315 111.031204 78.139206 231.687637 172.346909
CaneToad1,627 0.012138 11.445251 89.036545 256.000000 181.155014
CaneToad1,630 0.999778 18.134628 70.639404 179.298492 176.808929
CaneToad1,676 0.999979 31.365257 59.892365 213.991394 224.589478
CaneToad1,690 0.999964 30.028465 25.315971 202.217834 213.268677
CaneToad1,721 0.999337 19.803696 30.727081 224.000000 192.870316
CaneToad1,733 0.999993 21.046478 10.516365 193.359741 200.831726
CaneToad1,755 0.982477 159.274780 111.620461 222.652161 221.114716
CaneToad1,779 0.999464 34.652420 1.546715 185.212585 224.000000
CaneToad1,785 0.999923 1.000000 1.000000 224.000000 219.108215
CaneToad1,806 0.999828 2.891335 1.000000 224.000000 158.222015
CaneToad1,818 0.999877 1.000000 1.000000 224.000000 187.943054
CaneToad1,829 0.999978 1.000000 13.698723 224.000000 202.138763
CaneToad1,845 0.999995 2.957603 20.125038 177.207733 149.918488
CaneToad1,862 0.996900 40.174057 43.182549 189.784088 200.535828
CaneToad1,863 0.999997 9.145569 6.610031 192.270828 224.000000
CaneToad1,865 0.999878 1.000000 56.783447 215.752792 195.003128
CaneToad1,898 0.997331 54.808548 29.700478 148.600204 171.471039
CaneToad1,910 0.999825 39.786263 4.113708 175.464508 211.143173
CaneToad1,913 0.997858 20.136677 45.962173 126.832443 202.911942
CaneToad1,922 0.999888 30.198357 30.179207 182.641327 214.281982
CaneToad1,926 0.999928 47.597321 35.904663 184.839600 174.319641
CaneToad1,930 0.999731 8.853241 65.828415 145.267365 154.444229
CaneToad1,947 0.999882 53.730873 54.786041 213.403809 211.459045
CaneToad1,965 0.999778 79.464737 80.914154 175.686203 167.935257
CaneToad1,973 0.999790 43.221611 16.189728 187.553864 224.000000
CaneToad1,977 0.982012 89.220276 1.000000 157.104950 214.975220
CaneToad1,987 0.999918 46.478432 1.598541 195.356812 224.000000
CaneToad2,000 0.999942 21.325188 18.977524 124.602364 196.169739
CaneToad2,025 0.984597 33.224106 59.554962 154.051987 175.923950
CaneToad2,025 0.008518 33.990242 1.000000 185.085968 215.709290
CaneToad2,036 0.999995 1.000000 51.123596 175.645554 214.751617
CaneToad2,046 0.999921 35.381859 28.833153 195.771729 169.752258
CaneToad2,051 0.968071 72.153152 45.854950 178.419769 94.822174
CaneToad2,051 0.008836 17.739799 28.121635 163.122375 94.097221
CaneToad2,069 0.997852 59.694527 72.701241 184.734314 201.232880
CaneToad2,102 0.999997 43.206062 1.000000 185.029877 224.000000
CaneToad2,106 0.999989 44.831291 1.000000 174.785950 222.806976
CaneToad2,120 0.999935 47.672577 4.046013 217.036407 224.000000
CaneToad2,124 0.998829 1.000000 1.000000 224.000000 203.492126
CaneToad2,127 0.999343 76.423058 41.321590 190.369659 162.512222
CaneToad2,136 0.999958 25.466125 3.484131 174.096039 224.000000
corroboreefrog1076 0.006142 25.914658 35.016277 210.231766 156.304245
corroboreefrog1244 0.005683 30.644798 1.000000 224.000000 194.323883
corroboreefrog44 0.014378 27.197495 3.235222 206.031006 181.360229
GBF192 0.012550 1.000000 1.000000 207.978271 224.000000
GBF313 0.005336 29.320801 26.526131 186.568146 203.391571
GBF348 0.009962 35.587715 63.382401 224.000000 200.128983
GBF359 0.010541 42.130074 40.875748 202.700775 189.288620
GBF589 0.008380 66.959610 1.000000 150.254486 224.000000
GBF653 0.007554 1.168472 1.000000 190.076767 220.069550
GBF97 0.005213 50.128700 52.430473 187.645752 209.231323
GGBF100 0.008338 52.452812 7.928383 200.104279 145.850281
GGBF106 0.019900 41.038162 28.697624 223.203140 156.128540
GGBF175 0.008715 127.820480 1.000000 212.196060 224.000000
GGBF298 0.028785 1.000000 5.749550 203.224304 213.006744
GGBF351 0.034444 16.521149 126.595482 123.877396 182.208267
GGBF385 0.624133 18.227158 32.919624 208.450516 182.725342
GGBF429 0.008047 48.128105 55.259537 157.642792 191.256210
GGBF500 0.005504 26.138840 1.000000 153.171280 224.000000
GGBF580 0.006344 29.016708 74.309052 214.111618 188.981934
GGBF611 0.018117 1.000000 64.631058 224.000000 152.345367
GGBF849 0.006724 82.307709 81.063019 151.965881 136.199203
GGBF884 0.016032 1.000000 1.000000 224.000000 224.000000
GGBF901 0.743214 69.943192 33.080894 212.140762 181.437561
GoldenPoisonDartFrog1055 0.007070 1.000000 3.685028 108.991516 181.543243
GoldenPoisonDartFrog1055 0.006024 140.332657 2.531700 224.000000 165.679108
GoldenPoisonDartFrog1072 0.005871 154.202423 36.990509 224.000000 165.191925
GoldenPoisonDartFrog15 0.038326 93.431183 38.420532 204.772644 220.284393
GoldenPoisonDartFrog178 0.005413 36.600616 13.474670 172.984665 170.573532
GoldenPoisonDartFrog238 0.005929 43.395073 32.125687 188.420105 186.637863
GoldenPoisonDartFrog270 0.007556 106.327782 97.790024 173.020874 181.176102
GoldenPoisonDartFrog364 0.007107 10.115417 1.000000 177.585938 216.157700
GoldenPoisonDartFrog464 0.005498 1.000000 1.000000 54.996185 156.373444
GoldenPoisonDartFrog472 0.008232 71.782974 83.370285 142.130096 153.836441
GoldenPoisonDartFrog482 0.057395 160.861282 14.026062 224.000000 61.291779
GoldenPoisonDartFrog582 0.005794 50.976669 19.794296 194.257339 182.162521
GoldenPoisonDartFrog600 0.005188 43.939056 62.026619 122.050461 217.141968
GoldenPoisonDartFrog651 0.007824 125.145737 54.301361 222.961533 189.985306
GoldenPoisonDartFrog743 0.005862 155.471497 50.528343 224.000000 196.531189
GoldenPoisonDartFrog823 0.021141 92.827766 10.311394 192.180450 182.445007
GoldenPoisonDartFrog891 0.005401 96.372177 53.643616 195.533524 208.989899
GoldenPoisonDartFrog917 0.036560 84.186668 88.166725 134.467972 175.574615
GoldenPoisonDartFrog979 0.011520 121.902809 93.086075 206.651581 178.115768
greetreefrog1087 0.007341 30.868065 1.000000 224.000000 196.317108
greetreefrog1155 0.007753 37.590309 44.284615 197.421295 195.646423
greetreefrog1243 0.010059 1.000000 1.000000 197.146194 206.044617
greetreefrog1490 0.005075 42.351406 63.654861 140.926605 205.763626
greetreefrog1515 0.006156 1.000000 73.713554 217.999329 189.655243
greetreefrog1524 0.028857 1.000000 1.000000 201.292175 196.104996
greetreefrog172 0.006542 2.618370 59.874229 224.000000 160.602722
greetreefrog1721 0.008576 43.383469 34.446877 216.705612 195.086609
greetreefrog1809 0.083999 1.000000 3.841331 222.752075 179.305176
greetreefrog1884 0.051243 34.604515 21.798981 165.110168 224.000000
greetreefrog46 0.006956 56.988140 58.861176 176.743652 188.521912
greetreefrog555 0.013765 31.718437 31.853638 183.037537 210.566849
greetreefrog609 0.006470 6.360718 42.496841 201.152206 216.723068
greetreefrog62 0.006160 32.460442 41.415001 148.794037 196.965271
greetreefrog698 0.006560 41.226776 35.820526 217.711029 176.233688
greetreefrog842 0.011856 1.000000 46.305946 224.000000 168.314117
procVietnameseMossy875 0.029243 30.325584 54.660782 224.000000 221.579239
procVietnameseMossy933 0.006478 51.345367 64.936737 202.050690 199.238861
RedCrownedToadlet109 0.016917 1.000000 17.268646 194.856049 210.889664
RedCrownedToadlet406 0.017434 1.000000 66.661423 193.842682 210.008804
RedCrownedToadlet461 0.012892 160.682098 1.000000 224.000000 146.006226
RedCrownedToadlet49 0.005409 1.000000 30.057938 193.895111 195.719681
RedCrownedToadlet526 0.014253 42.737167 48.766502 221.209061 221.095337
RedCrownedToadlet631 0.006261 62.403938 51.760773 213.721710 182.226227
RedCrownedToadlet67 0.014032 26.278023 1.674126 217.747437 167.821747
RedCrownedToadlet937 0.010239 13.643295 8.255058 165.507553 211.253662
RedEyed526 0.189761 30.874695 11.843937 179.529358 72.442490
RedEyed944 0.008319 128.480804 1.000000 216.374420 182.751068
VietnameseMossy10 0.005038 83.116608 19.614876 192.541748 209.386169
VietnameseMossy137 0.028191 37.953125 12.213280 199.646179 147.093079
VietnameseMossy161 0.028239 32.726463 36.157433 200.309143 192.129852
VietnameseMossy169 0.041749 77.766174 71.440170 217.378387 204.762466
VietnameseMossy232 0.008375 58.372192 44.560394 189.592499 224.000000
VietnameseMossy237 0.007937 75.378891 11.427452 197.862503 204.487274
VietnameseMossy239 0.008955 1.000000 21.509987 203.943848 150.946014
VietnameseMossy240 0.029801 5.943069 1.000000 219.520462 206.863129
VietnameseMossy366 0.006336 28.137787 54.550079 183.514145 148.563919
VietnameseMossy489 0.005663 24.045197 52.622910 184.877960 188.490814
VietnameseMossy559 0.009480 27.263504 62.801331 185.119125 200.243744
VietnameseMossy568 0.035157 11.327782 8.011055 166.724609 222.385620
VietnameseMossy633 0.007814 148.697235 4.212646 224.000000 86.138313
VietnameseMossy676 0.018350 1.000000 20.097687 186.939423 158.257980
VietnameseMossy706 0.009170 25.893105 1.000000 224.000000 199.950500
VietnameseMossy725 0.009242 66.042824 27.911064 197.740662 163.097900
VietnameseMossy9 0.006223 40.261154 47.146652 195.550415 203.604416
