1065 0.006753 50.623238 16.435005 222.509125 190.986237
1263 0.016194 1.000000 34.389534 194.958054 178.060577
1380 0.005264 10.633194 60.107937 176.583115 184.004028
1425 0.010089 73.115913 65.180580 194.793457 199.044281
1446 0.005827 38.470940 1.000000 211.487823 174.440414
1460 0.011049 52.240303 52.144264 219.782471 214.438202
147 0.010493 10.880356 26.556816 190.373245 205.796539
173 0.011915 45.259537 25.525909 214.090652 188.934219
1749 0.009537 20.118752 42.265202 182.985748 160.839828
1755 0.023389 37.338715 41.351906 198.222015 161.453247
1763 0.008944 40.978554 45.166183 219.121582 193.315628
1892 0.008831 35.988415 11.194115 150.681488 159.375671
2004 0.007079 1.758324 23.518044 187.939301 186.080353
268 0.005980 7.465538 60.241028 194.567993 206.621124
31 0.033537 49.596451 7.588211 212.022018 156.892532
501 0.009897 64.566391 3.849319 201.723770 134.936264
510 0.006258 77.472298 82.783371 215.098999 224.000000
829 0.007841 17.513611 15.754097 212.815216 224.000000
BluePoisonDartFrog1003 0.009999 6.795609 77.486252 182.028534 154.338104
BluePoisonDartFrog1065 0.033084 13.703506 25.236900 214.519958 165.236908
BluePoisonDartFrog1081 0.977109 4.035545 21.366241 203.269775 91.297195
BluePoisonDartFrog1081 0.012914 24.557884 143.234894 211.235657 221.937622
BluePoisonDartFrog1149 0.006570 1.000000 22.060532 216.668549 220.209641
BluePoisonDartFrog1158 0.010151 61.635170 1.000000 201.750122 180.379913
BluePoisonDartFrog1222 0.014732 5.119164 29.071678 154.006287 175.797058
BluePoisonDartFrog1279 0.006575 38.932480 89.569290 183.775101 157.781479
BluePoisonDartFrog1293 0.024972 6.786057 55.779617 153.096878 192.014816
BluePoisonDartFrog135 0.006518 21.249680 14.425194 224.000000 223.271393
BluePoisonDartFrog1390 0.005607 12.649895 30.579502 125.663841 137.179550
BluePoisonDartFrog1392 0.005613 1.000000 29.971588 200.413818 160.200851
BluePoisonDartFrog1409 0.011103 17.387527 62.517288 169.359573 219.726944
BluePoisonDartFrog1436 0.015039 25.327972 95.611946 157.973846 173.141327
BluePoisonDartFrog158 0.054175 45.764530 72.480782 156.363571 191.327942
BluePoisonDartFrog270 0.024653 37.234993 31.749672 224.000000 205.236816
BluePoisonDartFrog355 0.006217 1.000000 26.532555 194.679565 178.420715
BluePoisonDartFrog378 0.005700 22.201569 9.594940 224.000000 215.221786
BluePoisonDartFrog387 0.005854 1.000000 23.651169 191.352707 178.579300
BluePoisonDartFrog503 0.006743 35.608330 53.435539 181.309906 178.677063
BluePoisonDartFrog711 0.027210 11.157555 57.426460 160.031311 204.984497
BluePoisonDartFrog75 0.012853 1.000000 52.924423 132.356308 224.000000
BluePoisonDartFrog76 0.011667 1.000000 10.981731 164.244598 76.714798
BluePoisonDartFrog780 0.008097 75.342056 60.950802 196.167923 174.681305
BluePoisonDartFrog830 0.927156 1.000000 5.386040 224.000000 85.032524
BluePoisonDartFrog830 0.012571 20.891998 142.466232 216.437012 223.444107
BluePoisonDartFrog885 0.010562 17.078243 2.878647 110.154419 75.130028
BluePoisonDartFrog885 0.011111 43.528656 71.554871 208.659149 175.458664
BluePoisonDartFrog927 0.005182 59.300278 19.518787 193.106369 138.472687
BluePoisonDartFrog943 0.006621 14.039253 31.615707 142.349884 224.000000
BluePoisonDartFrog943 0.005452 118.616882 10.708813 201.820953 96.661880
BluePoisonDartFrog969 0.009753 64.260826 40.732021 197.416412 147.972412
BluePoisonDartFrog97 0.049767 5.028625 24.604088 210.838684 224.000000
CaneToad1,036 0.007365 1.000000 26.083862 196.718033 224.000000
corroboreefrog1003 0.987748 15.246536 1.000000 213.192215 187.566315
corroboreefrog1012 0.947479 26.174629 20.339111 195.693420 190.460526
corroboreefrog1014 0.980446 26.892632 17.751465 216.476715 205.596466
corroboreefrog1022 0.998985 50.293327 29.591949 184.218292 179.757004
corroboreefrog1023 0.996318 28.414276 24.850380 208.080383 181.369690
corroboreefrog1029 0.997719 34.436478 31.473068 179.553528 181.389404
corroboreefrog1041 0.997831 55.045532 9.177765 186.976257 174.229385
corroboreefrog1052 0.998458 35.459480 55.721649 173.149933 211.191223
corroboreefrog1076 0.990617 24.652504 49.202232 219.641815 181.248352
corroboreefrog1085 0.999807 54.477757 25.759956 153.140717 202.377106
corroboreefrog1101 0.999126 24.378517 9.359131 206.083435 170.679047
corroboreefrog1151 0.936602 64.194702 8.514702 212.413177 211.377716
corroboreefrog1152 0.999203 12.885651 1.000000 218.028137 185.698975
corroboreefrog1162 0.849717 27.549805 70.571434 94.975388 96.696007
corroboreefrog1162 0.843837 56.758995 19.536032 112.897682 38.640091
corroboreefrog1162 0.280801 87.261162 41.755760 149.587982 67.572739
corroboreefrog1162 0.040753 74.077904 74.207321 130.638519 110.433594
corroboreefrog1162 0.008853 30.184284 61.555630 66.245590 93.162483
corroboreefrog1169 0.995327 55.233330 86.427376 150.194305 161.598083
corroboreefrog1214 0.995363 102.519501 27.182045 181.653046 79.462311
corroboreefrog1214 0.975019 46.833748 85.917023 125.284187 131.975998
corroboreefrog1214 0.962911 121.311142 143.981293 195.899002 201.494843
corroboreefrog1215 0.997493 83.084564 98.485901 136.918518 183.776276
corroboreefrog1215 0.996744 21.013607 49.154606 82.652496 121.447830
corroboreefrog1215 0.979869 146.446411 25.132553 210.572998 109.346527
corroboreefrog1217 0.985849 39.516762 144.784698 128.484589 199.354950
corroboreefrog1217 0.985709 28.926468 20.753351 109.331360 75.033638
corroboreefrog1217 0.978823 96.324501 92.688110 187.537842 138.014938
corroboreefrog122 0.999679 1.396980 25.039139 168.249512 162.837708
corroboreefrog1238 0.999822 45.461975 125.221268 224.000000 221.234146
corroboreefrog1241 0.988030 88.352493 86.734741 147.888489 137.283112
corroboreefrog1244 0.997388 31.636246 19.144043 198.631302 210.902893
corroboreefrog1263 0.999767 27.850197 66.751770 124.139854 167.987976
corroboreefrog1273 0.999342 94.825394 58.604679 172.689316 158.803284
corroboreefrog1285 0.987202 79.678413 117.327576 122.442650 211.449738
corroboreefrog1285 0.098372 110.485443 18.539253 139.474792 88.074104
corroboreefrog1285 0.006511 112.502678 6.174685 140.823929 51.835854
corroboreefrog129 0.993230 4.408390 1.000000 85.860336 219.804764
corroboreefrog129 0.995934 95.225433 50.047394 187.750824 224.000000
corroboreefrog129 0.017369 78.126701 119.777390 199.503754 210.497940
corroboreefrog1291 0.997255 38.229233 38.272469 195.549606 215.983124
corroboreefrog1295 0.976276 14.364136 29.568794 186.434357 192.889557
corroboreefrog1304 0.998103 24.195633 8.364716 110.973206 146.647003
corroboreefrog1326 0.995222 112.501755 1.082939 204.023727 156.081757
corroboreefrog1367 0.998480 72.579308 15.576698 220.016235 186.847290
corroboreefrog1369 0.992080 8.908325 43.884720 154.559692 219.803085
corroboreefrog1421 0.998914 2.407154 37.456928 114.383575 133.886353
corroboreefrog1421 0.038006 125.516968 116.367371 218.976379 182.170532
corroboreefrog1442 0.999849 29.827389 5.591969 138.706573 104.947159
corroboreefrog1475 0.998164 60.982559 8.822220 222.651413 160.768021
corroboreefrog1490 0.999470 23.581512 29.144691 224.000000 195.215759
corroboreefrog1501 0.998477 92.421417 131.115936 169.016022 161.330017
corroboreefrog1501 0.997509 2.723324 12.844023 56.501919 64.623947
corroboreefrog1501 0.990927 127.730385 76.044662 190.201431 124.428421
corroboreefrog1501 0.010956 83.224289 78.787720 135.321976 123.345367
corroboreefrog1549 0.984025 16.904778 50.101669 190.121429 199.660553
corroboreefrog156 0.993301 60.869980 56.006023 156.738159 117.511032
corroboreefrog156 0.961930 76.402298 126.368011 172.804276 175.148193
corroboreefrog1601 0.999617 39.279686 62.212463 165.744507 208.433899
corroboreefrog1609 0.999248 5.956970 38.040909 198.862366 203.428574
corroboreefrog161 0.944959 63.673473 55.161613 151.514420 95.364571
corroboreefrog161 0.008886 59.278481 63.536995 114.789116 104.097511
corroboreefrog1613 0.999823 39.202812 34.302353 200.354340 215.019379
corroboreefrog1652 0.999424 5.868546 86.672653 210.690536 168.437439
corroboreefrog1681 0.998730 37.207787 39.800117 148.503265 202.389679
corroboreefrog1682 0.999879 38.426254 72.250771 203.434082 199.385620
corroboreefrog1707 0.999518 22.956223 33.971222 210.304031 166.856720
corroboreefrog172 0.990038 66.222862 83.404022 117.903069 150.995789
corroboreefrog1722 0.998258 34.601028 64.244324 195.260986 169.436462
corroboreefrog1732 0.999593 3.257141 114.333374 118.850830 213.979309
corroboreefrog1778 0.999594 53.028954 1.000000 193.163269 210.568756
corroboreefrog1856 0.999764 42.188744 19.670784 174.283051 207.655579
corroboreefrog1862 0.999954 5.512146 48.175026 205.090881 179.043762
corroboreefrog1881 0.999940 23.719933 70.060638 195.318054 224.000000
corroboreefrog1886 0.999510 41.349472 73.800926 177.170456 210.843964
corroboreefrog195 0.999937 16.854912 46.866821 186.281799 121.162384
corroboreefrog196 0.999735 45.703850 27.010445 189.789581 176.812042
corroboreefrog197 0.994805 72.871277 45.421780 133.317703 172.582443
corroboreefrog2 0.999854 17.798927 5.062675 187.706085 169.982147
corroboreefrog212 0.999874 60.861694 54.101299 203.903992 158.987289
corroboreefrog261 0.999764 54.913990 60.282143 174.569962 190.615082
corroboreefrog308 0.994296 122.828720 9.086357 220.143204 96.292740
corroboreefrog308 0.998625 20.736473 87.236633 119.283607 197.625458
corroboreefrog313 0.999899 33.868446 51.832970 224.000000 194.784149
corroboreefrog323 0.996295 28.748283 63.411423 181.987854 204.249863
corroboreefrog349 0.996957 32.876534 34.939453 217.597260 198.001526
corroboreefrog369 0.990146 112.277298 65.532593 183.774277 134.887054
corroboreefrog369 0.986010 41.046204 140.868408 110.438721 204.106964
corroboreefrog369 0.917133 39.766369 47.143707 112.151199 108.141739
corroboreefrog369 0.514344 107.973938 146.648270 206.118652 197.709610
corroboreefrog407 0.999010 47.495384 67.088120 153.686218 165.098618
corroboreefrog42 0.993903 17.146660 22.563866 203.015411 215.291718
corroboreefrog431 0.997100 158.207886 6.888632 217.531158 53.890427
corroboreefrog431 0.988126 95.009857 138.041901 153.332626 188.531769
corroboreefrog431 0.927424 58.031380 95.884613 97.905602 154.990662
corroboreefrog435 0.988783 159.074188 156.014465 204.677155 200.158722
corroboreefrog435 0.965373 62.549755 66.794334 126.903275 97.606331
corroboreefrog435 0.926192 44.583153 102.722908 94.756660 142.145248
corroboreefrog435 0.025539 39.884850 98.238968 125.164574 150.136841
corroboreefrog439 0.960157 95.558266 67.917694 157.185867 97.243210
corroboreefrog439 0.860515 18.512785 157.068420 59.516327 201.013550
corroboreefrog439 0.813458 120.596954 95.562141 180.009430 141.535767
corroboreefrog439 0.005962 96.058685 98.788414 157.588257 137.040359
corroboreefrog44 0.975865 33.229477 21.284851 203.630753 192.278305
corroboreefrog441 0.999964 30.025681 17.853638 215.746918 184.882126
corroboreefrog482 0.986543 60.313141 36.154171 154.616318 134.344757
corroboreefrog487 0.999666 32.684937 40.114929 203.553299 175.637039
corroboreefrog499 0.999513 43.417091 62.092377 193.660034 169.435272
corroboreefrog583 0.999972 26.753799 21.282448 211.281937 192.407562
corroboreefrog603 0.970343 101.122360 36.985512 194.141800 119.358391
corroboreefrog603 0.259196 129.711594 126.652618 201.862381 221.890106
corroboreefrog603 0.146744 11.778027 86.830605 93.627518 165.295319
corroboreefrog609 0.923812 104.499786 34.697498 179.981079 107.033798
corroboreefrog609 0.432052 125.691109 114.790161 191.678192 200.370361
corroboreefrog609 0.173131 23.388313 81.626663 98.581337 154.001602
corroboreefrog625 0.993871 110.443527 111.135498 183.815750 201.326385
corroboreefrog649 0.988732 21.588776 24.036568 214.786835 180.007660
corroboreefrog66 0.998719 47.431786 14.870102 184.907318 164.366898
corroboreefrog67 0.999629 38.185783 47.769989 185.024506 220.192108
corroboreefrog672 0.999049 9.255150 40.672462 221.507843 198.679962
corroboreefrog696 0.979464 88.218964 72.257614 145.678864 116.432663
corroboreefrog700 0.999808 50.138596 47.052353 186.996902 137.376266
corroboreefrog702 0.997091 72.061539 72.686188 145.215347 115.743408
corroboreefrog708 0.972803 75.622368 81.317200 138.194672 118.047211
corroboreefrog709 0.999279 12.074768 42.502319 171.139542 185.622986
corroboreefrog717 0.999926 53.074989 44.617756 192.150940 157.159790
corroboreefrog729 0.999971 1.811401 55.337181 224.000000 186.672516
corroboreefrog765 0.999387 13.986885 60.916428 221.886292 224.000000
corroboreefrog77 0.999697 22.017548 58.577965 224.000000 224.000000
corroboreefrog775 0.999381 4.369019 8.049294 156.359283 210.379242
corroboreefrog777 0.999139 23.306770 127.032150 188.644592 186.391953
corroboreefrog78 0.995957 27.530663 47.403725 125.481728 173.612793
corroboreefrog782 0.999968 44.446388 57.054531 177.485535 164.237488
corroboreefrog795 0.999505 76.965279 62.022903 185.236511 212.407394
corroboreefrog802 0.999482 57.730713 53.074062 188.157593 160.359024
corroboreefrog809 0.999918 12.931053 41.045151 153.670715 178.018784
corroboreefrog822 0.999764 14.843231 10.981026 206.109039 224.000000
corroboreefrog83 0.999417 64.564430 11.916573 224.000000 188.893341
corroboreefrog833 0.999618 41.973679 82.358940 224.000000 224.000000
corroboreefrog838 0.999669 15.614349 80.036522 184.346954 224.000000
corroboreefrog864 0.994519 43.030945 23.858444 172.304932 162.696793
corroboreefrog877 0.997888 1.000000 60.635162 187.620117 191.803818
corroboreefrog887 0.999526 57.346321 49.386192 192.935760 186.369324
corroboreefrog891 0.999807 44.714272 38.067478 174.352325 163.197571
corroboreefrog909 0.998643 18.544151 3.440331 206.731567 224.000000
corroboreefrog913 0.998026 7.594879 13.797462 196.237427 201.251526
corroboreefrog915 0.997568 36.667892 26.830078 203.996368 188.683594
corroboreefrog918 0.999894 55.072571 79.365921 187.696655 175.292282
corroboreefrog92 0.997750 86.044220 87.812218 145.826279 142.398636
corroboreefrog934 0.999568 31.165329 6.115089 151.480148 150.049530
corroboreefrog935 0.999736 19.053345 22.052338 147.506088 158.738190
corroboreefrog936 0.999804 84.692230 71.840775 214.984772 201.758835
corroboreefrog947 0.997632 72.301216 50.461342 204.680511 197.577484
corroboreefrog986 0.974417 3.233791 129.787506 115.009979 188.983246
corroboreefrog986 0.787452 43.167374 22.032337 143.912552 101.320618
corroboreefrog986 0.195828 111.882568 113.035378 203.914795 183.701538
corroboreefrog992 0.995030 52.573547 21.661919 120.669495 99.532616
corroboreefrog992 0.484680 36.143703 109.118057 102.646011 204.106491
corroboreefrog992 0.033510 122.986069 75.614594 192.512894 158.386688
corroboreefrog995 0.985943 109.296738 23.193081 173.002396 99.733658
corroboreefrog995 0.423865 126.096939 114.377113 186.120651 199.474335
corroboreefrog995 0.134875 28.233234 70.982529 96.559769 147.331894
corroboreefrog999 0.872423 1.000000 14.993629 202.287872 220.946320
GBF192 0.006085 36.500580 4.846451 222.759918 224.000000
GBF396 0.011631 3.298500 1.099060 220.920959 224.000000
GBF653 0.006509 14.308815 8.910652 211.744781 224.000000
GGBF106 0.034800 45.907066 19.403458 219.728973 210.400253
GGBF155 0.026762 35.130211 57.370407 224.000000 208.258347
GGBF216 0.008315 1.000000 75.349007 204.402649 217.192322
GGBF226 0.047978 3.973503 5.912094 220.833038 186.073059
GGBF27 0.005577 11.770149 20.210770 210.543457 224.000000
GGBF277 0.106823 56.772385 25.597710 223.526169 160.567139
GGBF298 0.019783 7.451958 10.509987 217.098480 224.000000
GGBF340 0.015447 41.404556 38.158913 209.404617 221.815369
GGBF361 0.006848 26.899216 42.040184 184.466568 218.192871
GGBF500 0.017831 7.433571 1.305862 199.063568 189.864014
GGBF56 0.063945 56.753242 29.013229 212.151886 160.862671
GGBF580 0.006790 13.466789 68.801895 224.000000 196.333420
GGBF6 0.015218 33.267296 9.221344 224.000000 204.469147
GGBF640 0.006993 1.000000 3.873154 199.020447 224.000000
GGBF696 0.022767 42.962128 23.672493 218.402252 207.631042
GGBF743 0.026499 41.670940 22.878075 146.511063 211.389069
GGBF747 0.007116 33.252121 43.644238 173.414780 155.498169
GGBF800 0.006996 46.184547 66.990753 178.437134 204.847504
GGBF810 0.039918 39.785553 27.552460 199.231720 175.920822
GGBF824 0.007607 110.156998 20.546814 169.123886 194.914764
GGBF871 0.005003 49.516830 4.524200 213.951126 219.884979
GGBF93 0.006189 12.700706 32.765221 185.118622 206.812775
GoldenPoisonDartFrog1065 0.017170 56.788124 5.547318 196.258820 216.351181
GoldenPoisonDartFrog1072 0.006776 5.449543 52.382339 116.194168 161.844955
GoldenPoisonDartFrog1206 0.007160 50.012268 19.462585 197.967773 188.629837
GoldenPoisonDartFrog15 0.005502 106.322678 35.722687 218.222641 201.435562
GoldenPoisonDartFrog155 0.020000 42.029053 26.511002 196.669495 175.703262
GoldenPoisonDartFrog158 0.013537 30.030258 48.524361 180.771957 215.489471
GoldenPoisonDartFrog178 0.011270 38.404343 17.406113 171.230331 183.139114
GoldenPoisonDartFrog238 0.008200 43.395073 32.125687 188.420105 186.637863
GoldenPoisonDartFrog250 0.006806 39.604767 35.612251 171.338898 196.850861
GoldenPoisonDartFrog272 0.011283 68.139282 26.924664 210.835358 148.560272
GoldenPoisonDartFrog376 0.016713 46.703178 1.000000 154.463318 195.899353
GoldenPoisonDartFrog398 0.005182 40.724876 30.008911 117.687096 186.292908
GoldenPoisonDartFrog442 0.018306 1.000000 19.377861 54.982399 194.585510
GoldenPoisonDartFrog443 0.009110 62.225620 2.022995 176.722931 217.222595
GoldenPoisonDartFrog538 0.012814 8.853867 49.399048 150.250778 189.796341
GoldenPoisonDartFrog563 0.007158 61.754898 31.345612 200.610428 181.713318
GoldenPoisonDartFrog582 0.006486 50.976669 19.794296 194.257339 182.162521
GoldenPoisonDartFrog600 0.008906 108.514282 35.778328 171.042938 168.714874
GoldenPoisonDartFrog615 0.010546 52.817619 17.162010 165.575317 191.906158
GoldenPoisonDartFrog651 0.006014 131.536591 34.319031 224.000000 201.989410
GoldenPoisonDartFrog698 0.005217 2.125244 37.746483 184.382385 159.803833
GoldenPoisonDartFrog787 0.008035 1.000000 28.653870 199.555756 162.637207
GoldenPoisonDartFrog801 0.006168 38.870262 60.243736 210.870728 203.000031
GoldenPoisonDartFrog802 0.042980 114.978561 28.115707 163.681320 207.899658
GoldenPoisonDartFrog810 0.008876 91.095757 7.139275 194.633209 224.000000
GoldenPoisonDartFrog813 0.005552 72.253998 7.902756 173.385788 210.148926
GoldenPoisonDartFrog823 0.005137 113.325203 7.628067 211.136688 201.492325
GoldenPoisonDartFrog91 0.007924 64.046875 27.383678 197.741302 147.227203
GoldenPoisonDartFrog94 0.006256 47.478813 77.063004 111.595604 152.405777
GoldenPoisonDartFrog979 0.005528 6.353233 65.262619 108.685226 174.223480
GoldenPoisonDartFrog989 0.016126 31.994064 61.555702 224.000000 189.862579
greetreefrog1490 0.013181 170.566345 34.772194 224.000000 224.000000
greetreefrog1490 0.006379 117.781303 59.518372 191.369568 212.560638
procVietnameseMossy875 0.013552 1.000000 55.603752 193.241089 217.369537
procVietnameseMossy973 0.010834 12.997932 10.272095 171.146698 224.000000
RedCrownedToadlet109 0.012091 15.977722 25.070862 212.076721 224.000000
RedCrownedToadlet121 0.007752 11.307190 23.542763 177.005768 181.308350
RedCrownedToadlet266 0.023625 15.435432 30.456383 172.842987 182.219696
RedCrownedToadlet299 0.009540 1.000000 64.261124 190.544617 206.147354
RedCrownedToadlet39 0.044651 1.000000 99.537537 115.957535 213.898651
RedCrownedToadlet406 0.016659 1.000000 66.661423 193.842682 210.008804
RedCrownedToadlet466 0.012454 5.931595 16.556747 206.345001 224.000000
RedCrownedToadlet494 0.012721 7.023788 60.216652 181.291519 203.928101
RedCrownedToadlet512 0.014080 16.440643 45.831394 143.143539 171.778152
RedCrownedToadlet518 0.009279 56.846527 1.000000 118.542114 146.953323
RedCrownedToadlet526 0.007538 42.737167 48.766502 221.209061 221.095337
RedCrownedToadlet554 0.013081 50.930901 1.000000 179.675720 195.858337
RedCrownedToadlet559 0.013671 13.622536 31.782379 210.931488 224.000000
RedCrownedToadlet583 0.143626 42.077034 25.580017 220.042328 190.782898
RedCrownedToadlet588 0.012955 20.047012 8.356087 191.780167 195.538116
RedCrownedToadlet67 0.007855 24.823181 21.763275 215.516113 181.438736
RedCrownedToadlet73 0.006520 18.700249 40.627800 156.148193 176.799103
RedCrownedToadlet734 0.016634 1.000000 21.769775 194.022461 155.095718
RedCrownedToadlet802 0.012224 15.994164 54.422127 142.578339 176.356812
RedCrownedToadlet849 0.040157 5.108505 40.697784 186.525986 194.541779
RedCrownedToadlet858 0.018864 48.894485 55.564789 173.945648 193.709045
RedEyed344 0.009441 8.661827 85.184181 129.210388 134.299271
RedEyed442 0.010639 24.418083 68.681564 219.899384 195.901566
RedEyed561 0.008398 58.999031 58.307991 148.278870 176.000061
RedEyed595 0.037981 9.197010 99.241127 114.670883 149.344299
VietnameseMossy10 0.018500 58.688904 11.657860 193.998779 201.537811
VietnameseMossy232 0.007090 73.891563 40.388847 177.813538 210.716492
VietnameseMossy237 0.030059 47.557152 1.000000 203.834015 193.084351
VietnameseMossy334 0.496791 3.068293 15.416023 47.466728 224.000000
VietnameseMossy489 0.012069 12.936981 55.105339 204.165741 211.295959
VietnameseMossy568 0.005999 7.440796 20.157555 171.552521 224.000000
VietnameseMossy596 0.014832 4.108658 94.210968 220.872833 224.000000
VietnameseMossy648 0.009045 38.812973 63.163696 223.579178 200.265045
VietnameseMossy725 0.007032 58.980957 1.909157 204.421875 186.862122
VietnameseMossy814 0.007189 1.000000 68.545074 199.516006 218.557861
