1065 0.010000 39.395180 34.718719 205.718811 224.000000
1076 0.005474 67.034653 8.414330 205.754990 214.776001
1186 0.068543 23.084839 20.932869 224.000000 221.187073
1195 0.008448 24.969193 12.167267 224.000000 204.216263
1249 0.006515 16.421516 32.396957 183.873871 224.000000
1263 0.005275 1.000000 34.389534 194.958054 178.060577
1272 0.016593 35.327576 2.774849 224.000000 208.441162
1288 0.005253 9.959312 55.033287 203.007263 207.663300
1340 0.016519 59.855110 37.906586 206.299377 224.000000
1349 0.009595 6.872360 7.229378 184.512009 153.627411
1358 0.009826 55.587830 29.334885 179.282089 224.000000
1380 0.006346 10.633194 60.107937 176.583115 184.004028
1425 0.017875 56.561676 31.633621 207.619141 211.440491
1446 0.011464 38.470940 1.000000 211.487823 174.440414
1457 0.022729 27.974358 41.977386 224.000000 223.771606
1460 0.031484 52.240303 52.144264 219.782471 214.438202
1463 0.017363 57.481285 26.472710 207.768463 163.922150
1543 0.007574 57.262688 29.391953 196.178619 224.000000
1549 0.014298 37.737846 37.877075 224.000000 223.576050
1594 0.007753 41.038490 25.742256 177.760590 219.093048
1653 0.031293 1.000000 15.341019 132.134766 188.880173
173 0.008845 45.259537 25.525909 214.090652 188.934219
1763 0.005897 40.978554 45.166183 219.121582 193.315628
1881 0.017836 32.918205 34.366211 224.000000 224.000000
1882 0.018025 43.707504 27.176674 218.727463 209.252228
1919 0.009963 56.069962 22.184288 207.145004 193.571655
1954 0.006788 43.976028 34.814400 216.717880 197.959595
2004 0.021059 30.357712 29.392525 224.000000 184.615814
226 0.013636 17.972076 9.519951 173.504730 223.244568
276 0.029277 63.585213 34.296188 202.349976 224.000000
397 0.009456 31.557724 25.000519 224.000000 224.000000
411 0.009256 42.579597 45.662094 222.226868 221.931839
682 0.012130 17.586403 5.209869 163.648529 172.824280
763 0.025468 25.166702 8.891991 224.000000 211.336334
829 0.037214 32.527092 3.323395 224.000000 212.095154
849 0.005287 46.658890 6.576546 208.126144 180.542908
926 0.178891 40.041847 13.158546 219.717682 224.000000
940 0.018292 1.000000 1.000000 213.189789 200.298172
972 0.034176 37.151070 12.904266 221.786438 218.331177
BluePoisonDartFrog107 0.007422 96.248932 84.544800 222.159271 207.731018
BluePoisonDartFrog1149 0.005678 1.000000 25.457237 203.520966 224.000000
BluePoisonDartFrog1247 0.009868 43.484932 1.000000 224.000000 150.411621
BluePoisonDartFrog1279 0.005827 39.885612 64.703461 180.530365 159.324661
BluePoisonDartFrog1286 0.009702 85.839371 69.633904 208.104080 184.344666
BluePoisonDartFrog1293 0.009464 6.786057 55.779617 153.096878 192.014816
BluePoisonDartFrog135 0.010533 1.000000 22.613029 197.749557 224.000000
BluePoisonDartFrog1390 0.007197 3.125282 25.399223 116.028603 131.267883
BluePoisonDartFrog158 0.025299 45.764530 72.480782 156.363571 191.327942
BluePoisonDartFrog215 0.008685 53.614300 69.096054 175.255783 177.084778
BluePoisonDartFrog270 0.008876 6.205856 35.934425 185.344162 189.246826
BluePoisonDartFrog378 0.005375 22.201569 9.594940 224.000000 215.221786
BluePoisonDartFrog387 0.008016 1.000000 23.651169 191.352707 178.579300
BluePoisonDartFrog414 0.009902 18.688065 20.113548 171.995605 191.140259
BluePoisonDartFrog466 0.007961 68.129860 70.978348 193.442535 179.108902
BluePoisonDartFrog586 0.020489 87.383499 53.425873 208.050278 190.982727
BluePoisonDartFrog666 0.009157 87.639160 17.458984 159.049530 157.468231
BluePoisonDartFrog97 0.005507 1.000000 21.133026 194.440109 224.000000
CaneToad1,010 0.032999 12.490166 15.661484 187.328339 224.000000
CaneToad1,053 0.007028 26.473236 14.113388 224.000000 224.000000
CaneToad1,336 0.010859 107.039055 1.000000 227.963623 256.000000
CaneToad1,378 0.036431 70.774101 64.728210 190.253754 214.981323
CaneToad1,379 0.006176 67.015205 1.000000 194.650482 219.223297
CaneToad1,413 0.006295 27.878807 46.390999 224.000000 224.000000
CaneToad1,494 0.006543 10.508133 74.914795 143.195999 160.398163
CaneToad1,509 0.006877 1.000000 32.939400 197.918671 173.938934
CaneToad1,525 0.039179 33.844513 14.104309 224.000000 191.479721
CaneToad1,690 0.005893 42.853027 41.847595 217.598022 201.185944
CaneToad1,862 0.012637 76.517899 43.236656 189.170059 200.223114
CaneToad1,898 0.007453 57.649681 1.000000 147.606750 163.583008
CaneToad1,910 0.007280 48.044945 6.864380 162.143402 183.792511
CaneToad1,913 0.009059 4.373470 55.354454 122.045303 193.626740
CaneToad1,922 0.026195 41.292747 12.294632 224.000000 224.000000
CaneToad1,973 0.007469 54.258133 6.023933 212.517868 224.000000
CaneToad1,987 0.005026 72.298462 1.000000 192.670837 220.618195
CaneToad2,000 0.005491 31.859146 17.970917 122.210831 184.999603
CaneToad2,046 0.006041 41.718605 34.190582 217.959045 148.222885
corroboreefrog1012 0.018592 40.290192 10.923866 224.000000 201.125122
corroboreefrog1014 0.006684 45.706352 32.246613 218.949921 224.000000
corroboreefrog1023 0.009978 34.490318 12.702393 224.000000 172.400177
corroboreefrog1029 0.005490 30.643318 47.432907 183.513550 213.703690
corroboreefrog1076 0.006823 29.461365 63.374474 215.432556 197.149475
corroboreefrog1085 0.005973 34.074097 21.380371 155.130646 203.347717
corroboreefrog1101 0.007587 51.679947 2.649490 208.978989 180.898529
corroboreefrog1151 0.016095 60.543739 1.000000 214.202087 193.309418
corroboreefrog1152 0.006113 1.000000 5.791588 195.686279 206.054230
corroboreefrog122 0.006429 13.315216 32.900669 182.343185 154.438904
corroboreefrog1244 0.020716 30.644798 1.000000 224.000000 194.323883
corroboreefrog129 0.006099 1.809441 1.000000 102.616127 205.508881
corroboreefrog1291 0.032720 51.249733 39.210915 209.757416 213.267700
corroboreefrog1295 0.037912 29.595329 1.000000 172.063751 198.529068
corroboreefrog1326 0.006046 117.871872 2.021614 207.903702 152.876160
corroboreefrog1367 0.012866 88.378136 10.495041 224.000000 191.101395
corroboreefrog1369 0.007932 24.050308 15.732964 176.060043 224.000000
corroboreefrog1475 0.005645 46.281464 2.019913 209.952148 169.651077
corroboreefrog1490 0.005561 18.386292 39.243965 219.761414 224.000000
corroboreefrog1732 0.012401 6.863220 104.252426 114.618103 215.038773
corroboreefrog1778 0.010584 54.367851 1.000000 207.148010 200.416061
corroboreefrog44 0.018206 1.000000 27.157166 193.192368 190.811218
corroboreefrog487 0.005387 31.328621 30.263947 197.349579 161.361481
corroboreefrog66 0.009023 53.437798 1.000000 207.305176 190.512329
corroboreefrog67 0.011838 17.577591 34.657990 175.080490 212.853073
corroboreefrog775 0.010546 21.614113 1.000000 174.712128 196.471191
corroboreefrog802 0.010668 66.264397 56.082607 196.631958 173.351440
corroboreefrog877 0.008312 11.573532 74.256470 189.867569 189.594666
corroboreefrog891 0.009629 19.131111 31.593895 173.497742 168.897919
corroboreefrog909 0.043980 13.452568 1.000000 214.466614 215.024750
corroboreefrog913 0.010921 20.554222 2.049446 191.791534 188.398590
corroboreefrog915 0.057872 57.766434 1.000000 206.470078 194.982544
corroboreefrog936 0.005566 100.721649 76.233498 223.193146 199.034912
GBF227 0.005529 63.953491 100.430107 220.154938 210.570709
GBF755 0.007701 29.791931 27.153107 224.000000 157.603577
GGBF106 0.006925 41.038162 28.697624 223.203140 156.128540
GGBF226 0.011373 29.892761 30.063499 224.000000 198.335846
GGBF429 0.012165 43.208035 56.456371 168.104294 165.181229
GGBF901 0.013391 62.264442 42.137230 224.000000 222.253815
GoldenPoisonDartFrog1004 0.612035 93.967392 13.860703 185.456772 169.533142
GoldenPoisonDartFrog1004 0.330630 51.817497 48.833427 118.989067 186.154938
GoldenPoisonDartFrog102 0.999974 40.446663 39.943893 190.646423 197.864014
GoldenPoisonDartFrog1035 0.999989 46.093071 63.130451 185.532074 173.031540
GoldenPoisonDartFrog1037 1.000000 38.850311 9.655518 192.466843 203.292465
GoldenPoisonDartFrog1041 0.999984 7.353233 14.481155 219.910065 217.329208
GoldenPoisonDartFrog1052 0.999940 65.239418 51.192844 185.031738 152.908951
GoldenPoisonDartFrog1055 0.996929 1.000000 54.960026 107.829132 179.577286
GoldenPoisonDartFrog1055 0.999832 117.366508 9.034492 224.000000 146.373657
GoldenPoisonDartFrog1065 0.999998 54.606682 18.413025 201.134491 198.631546
GoldenPoisonDartFrog1072 0.999139 7.884922 55.436359 128.359177 162.111130
GoldenPoisonDartFrog1072 0.999735 135.599319 38.883278 224.000000 164.331085
GoldenPoisonDartFrog1077 0.999999 46.146530 1.000000 215.669662 224.000000
GoldenPoisonDartFrog1095 1.000000 8.918823 1.000000 224.000000 224.000000
GoldenPoisonDartFrog1106 0.999654 1.303932 1.322784 180.091156 205.641525
GoldenPoisonDartFrog1115 0.734563 133.110779 103.149155 200.050232 166.904953
GoldenPoisonDartFrog113 0.997732 50.319626 10.268967 222.188522 192.081497
GoldenPoisonDartFrog1143 0.999802 55.705746 70.538498 159.560837 161.732193
GoldenPoisonDartFrog1195 0.999990 49.807831 64.011536 180.350281 170.716614
GoldenPoisonDartFrog1206 0.896128 105.381538 6.003922 200.765076 173.018036
GoldenPoisonDartFrog1206 0.915990 49.141853 41.308578 121.816429 192.804291
GoldenPoisonDartFrog147 0.999917 77.392479 44.537506 189.238617 204.685852
GoldenPoisonDartFrog15 0.999898 71.846809 31.606842 217.756104 212.073944
GoldenPoisonDartFrog150 0.999845 74.083336 82.772385 142.239166 166.554672
GoldenPoisonDartFrog155 0.999956 27.261101 26.777191 215.462402 176.924561
GoldenPoisonDartFrog158 0.999969 31.727974 42.948555 184.713287 194.704071
GoldenPoisonDartFrog16 0.999904 36.468201 50.500286 181.745712 163.885590
GoldenPoisonDartFrog170 0.999876 80.526886 96.398933 187.338287 153.481918
GoldenPoisonDartFrog178 0.999948 6.754158 2.919418 198.955139 199.505112
GoldenPoisonDartFrog180 0.999669 12.255722 81.042427 163.154724 164.709808
GoldenPoisonDartFrog186 0.999994 22.891594 1.896576 199.186554 224.000000
GoldenPoisonDartFrog214 0.999973 56.579323 21.617332 212.765656 197.542053
GoldenPoisonDartFrog222 0.999544 57.074615 29.182838 214.926544 222.782806
GoldenPoisonDartFrog223 0.999914 73.961975 46.330429 190.334473 190.609131
GoldenPoisonDartFrog238 0.999948 17.325897 32.589195 200.519775 191.821228
GoldenPoisonDartFrog249 0.999890 1.000000 53.486420 94.418526 164.854523
GoldenPoisonDartFrog250 0.999990 16.486824 26.427368 190.264008 206.135208
GoldenPoisonDartFrog252 0.999338 38.837006 78.133934 160.735321 187.921417
GoldenPoisonDartFrog253 1.000000 1.000000 1.000000 205.820862 224.000000
GoldenPoisonDartFrog256 0.999933 46.366692 41.369484 190.582916 170.503357
GoldenPoisonDartFrog259 0.999830 65.279312 21.169807 184.687881 132.103241
GoldenPoisonDartFrog259 0.999800 1.000000 103.225342 79.282532 180.597015
GoldenPoisonDartFrog270 0.986692 105.308655 96.858154 175.924164 172.037537
GoldenPoisonDartFrog272 0.999953 59.969833 30.349037 213.327377 156.904968
GoldenPoisonDartFrog276 0.999999 3.374161 1.000000 220.765549 224.000000
GoldenPoisonDartFrog28 0.999996 47.397766 65.238594 168.052704 181.946228
GoldenPoisonDartFrog28 0.068333 77.815498 49.408791 139.654587 213.982849
GoldenPoisonDartFrog283 0.999998 20.854454 1.000000 219.987122 224.000000
GoldenPoisonDartFrog345 0.999972 24.694679 25.630554 177.798737 204.969025
GoldenPoisonDartFrog348 0.999932 52.953758 64.651672 166.068207 124.972549
GoldenPoisonDartFrog348 0.005357 43.543251 29.649750 185.619598 144.713440
GoldenPoisonDartFrog352 0.999987 57.215183 62.376064 131.508759 159.044754
GoldenPoisonDartFrog362 0.999883 35.335304 58.796814 183.877808 190.058792
GoldenPoisonDartFrog364 0.999853 15.124298 1.000000 199.380310 224.000000
GoldenPoisonDartFrog369 0.999623 57.089706 53.992676 223.623398 217.159607
GoldenPoisonDartFrog376 0.999943 22.392464 1.222000 165.174805 201.940811
GoldenPoisonDartFrog387 0.999992 51.338017 42.592873 178.845825 163.496063
GoldenPoisonDartFrog388 1.000000 4.573822 1.000000 205.917633 224.000000
GoldenPoisonDartFrog395 0.999973 1.000000 33.976181 201.970352 224.000000
GoldenPoisonDartFrog398 0.998336 114.884613 54.456406 196.708557 220.671158
GoldenPoisonDartFrog398 0.999072 44.701553 32.716019 124.428253 184.267593
GoldenPoisonDartFrog408 0.999999 1.000000 1.000000 224.000000 224.000000
GoldenPoisonDartFrog417 0.999894 75.207870 51.181465 174.311096 186.306213
GoldenPoisonDartFrog417 0.998336 27.276352 33.638046 107.634689 170.049026
GoldenPoisonDartFrog417 0.009459 9.168526 1.000000 83.038879 169.738983
GoldenPoisonDartFrog418 0.999999 35.204704 1.000000 178.076599 213.055206
GoldenPoisonDartFrog442 0.999944 36.952644 15.334770 189.098480 207.115784
GoldenPoisonDartFrog442 0.148706 1.000000 19.377861 54.982399 194.585510
GoldenPoisonDartFrog443 0.999995 40.920082 1.000000 195.749725 224.000000
GoldenPoisonDartFrog462 0.999967 28.344360 48.888855 169.907516 185.338196
GoldenPoisonDartFrog464 0.999516 56.785000 81.002274 158.329361 151.794357
GoldenPoisonDartFrog47 0.999977 21.332253 80.108765 104.084328 157.656631
GoldenPoisonDartFrog472 0.978738 69.238449 83.526779 135.553040 154.211090
GoldenPoisonDartFrog478 1.000000 1.000000 1.000000 209.710480 222.213409
GoldenPoisonDartFrog482 0.998980 4.845104 15.630520 84.635162 93.230637
GoldenPoisonDartFrog496 0.999861 23.073318 48.859909 165.354218 149.630829
GoldenPoisonDartFrog497 0.999954 64.104752 55.805523 165.668228 165.119690
GoldenPoisonDartFrog505 0.999893 46.240128 37.762550 173.168350 126.161644
GoldenPoisonDartFrog505 0.040219 1.000000 29.181198 224.000000 112.735733
GoldenPoisonDartFrog507 0.999991 52.151047 48.777107 198.902817 187.805420
GoldenPoisonDartFrog512 0.999383 14.857605 42.322342 194.622711 188.953049
GoldenPoisonDartFrog519 0.999943 66.565186 59.206772 165.604752 141.995132
GoldenPoisonDartFrog524 0.999679 71.487022 51.693260 158.409821 169.625000
GoldenPoisonDartFrog538 0.999016 22.637650 45.995277 157.432663 194.508820
GoldenPoisonDartFrog560 0.999993 1.000000 22.556961 190.986542 224.000000
GoldenPoisonDartFrog563 0.999950 34.576927 24.013626 211.625031 189.266586
GoldenPoisonDartFrog570 0.999767 82.942314 49.993340 182.360718 140.225861
GoldenPoisonDartFrog582 0.999887 32.667824 15.205872 211.667114 184.048447
GoldenPoisonDartFrog589 0.999997 49.071465 54.985069 168.877258 162.435516
GoldenPoisonDartFrog592 0.996998 46.721809 68.657616 204.923920 204.072723
GoldenPoisonDartFrog600 0.954199 108.514282 35.778328 171.042938 168.714874
GoldenPoisonDartFrog600 0.999481 31.087002 53.126587 122.224289 199.424942
GoldenPoisonDartFrog615 0.999996 37.876862 13.503410 204.277466 189.199127
GoldenPoisonDartFrog620 0.999998 18.915634 3.187927 163.630356 224.000000
GoldenPoisonDartFrog640 0.999924 65.141548 93.459846 168.698975 160.474213
GoldenPoisonDartFrog648 0.999937 36.768257 70.773911 161.530701 177.584244
GoldenPoisonDartFrog651 0.999872 1.000000 77.868126 114.533890 205.652191
GoldenPoisonDartFrog651 0.999917 119.087387 44.726299 224.000000 160.073288
GoldenPoisonDartFrog666 0.999531 30.501244 74.489624 151.965485 176.782196
GoldenPoisonDartFrog675 0.999858 47.433380 5.846386 196.021729 132.464355
GoldenPoisonDartFrog693 0.999963 78.295113 1.000000 222.667664 211.984787
GoldenPoisonDartFrog694 1.000000 19.599106 1.000000 195.380951 224.000000
GoldenPoisonDartFrog698 0.999754 18.926414 31.650341 182.699677 145.238693
GoldenPoisonDartFrog699 0.999994 41.602257 64.311707 160.432404 183.475601
GoldenPoisonDartFrog739 0.999975 65.996292 57.756584 180.815323 158.720032
GoldenPoisonDartFrog739 0.024002 88.970108 86.616203 159.928604 157.200928
GoldenPoisonDartFrog743 0.998679 146.743698 44.858597 224.000000 190.031387
GoldenPoisonDartFrog744 1.000000 2.661217 1.000000 206.806396 224.000000
GoldenPoisonDartFrog746 1.000000 1.892174 4.454582 197.669556 224.000000
GoldenPoisonDartFrog75 0.999551 44.871384 25.821335 206.577774 159.541550
GoldenPoisonDartFrog76 0.999895 52.839653 78.153343 196.427185 173.382507
GoldenPoisonDartFrog769 0.953285 145.757095 128.088531 224.000000 200.753662
GoldenPoisonDartFrog772 0.999919 72.656296 37.384525 206.344742 148.142517
GoldenPoisonDartFrog787 0.999570 1.000000 34.239067 201.625351 179.724701
GoldenPoisonDartFrog801 0.999941 59.922867 58.499756 217.419754 191.173920
GoldenPoisonDartFrog802 0.998723 102.860291 37.977066 176.762695 179.906647
GoldenPoisonDartFrog802 0.999409 28.305904 50.108437 112.648911 222.856140
GoldenPoisonDartFrog810 1.000000 74.247887 21.752625 224.000000 219.273682
GoldenPoisonDartFrog813 0.999989 33.348106 1.000000 206.718842 224.000000
GoldenPoisonDartFrog823 0.999993 80.016891 1.000000 222.810379 199.888245
GoldenPoisonDartFrog84 0.990327 92.096382 44.463173 156.499756 98.881554
GoldenPoisonDartFrog861 0.999985 41.414101 59.098377 190.318939 160.105637
GoldenPoisonDartFrog872 0.999880 62.468788 3.894936 215.928162 179.643555
GoldenPoisonDartFrog885 0.999966 8.388107 25.610252 160.526184 208.723602
GoldenPoisonDartFrog891 0.999929 81.416870 61.144272 197.062408 189.830826
GoldenPoisonDartFrog901 0.999808 64.324280 61.333027 154.957458 158.078400
GoldenPoisonDartFrog91 0.999965 51.429214 22.429810 194.280014 164.368301
GoldenPoisonDartFrog917 0.342970 79.908295 80.574020 139.270264 172.281631
GoldenPoisonDartFrog94 0.997505 54.516338 75.813919 117.091873 145.430527
GoldenPoisonDartFrog947 0.999679 44.752769 17.570778 196.820801 190.205688
GoldenPoisonDartFrog95 0.999742 58.631126 64.570518 142.905975 123.949257
GoldenPoisonDartFrog950 0.999887 14.024925 48.207748 138.355804 129.567215
GoldenPoisonDartFrog966 0.999557 34.724998 36.204544 175.979279 175.060043
GoldenPoisonDartFrog979 0.992746 7.028549 82.745171 113.869431 165.100891
GoldenPoisonDartFrog979 0.998948 118.907692 104.316246 210.745911 181.106140
GoldenPoisonDartFrog979 0.006224 107.189079 72.527496 224.000000 197.030182
GoldenPoisonDartFrog989 0.997944 18.307564 68.528961 218.077362 194.242401
GoldenPoisonDartFrog999 0.929736 64.465622 47.267216 153.877975 172.665726
GoldenPoisonDartFrog999 0.081411 101.961273 78.136787 145.987579 172.770844
greetreefrog1155 0.059098 36.530823 35.785309 222.777496 203.110336
greetreefrog116 0.018465 38.569939 26.989197 221.799408 224.000000
greetreefrog1243 0.011788 3.586426 17.850403 197.061600 224.000000
greetreefrog1311 0.018977 54.425888 32.737335 207.752701 180.034058
greetreefrog1406 0.009682 27.994781 1.000000 224.000000 189.930969
greetreefrog1593 0.010168 94.910248 159.042496 160.569946 201.786972
greetreefrog1682 0.009082 40.480927 21.395035 220.764771 224.000000
greetreefrog1721 0.020073 27.054703 45.525948 196.232040 215.164185
greetreefrog1751 0.010036 1.000000 1.000000 50.634232 31.066113
greetreefrog1803 0.010397 97.927780 28.442810 224.000000 200.616135
greetreefrog1871 0.011309 30.466179 1.000000 224.000000 203.661560
greetreefrog1884 0.007405 37.303936 12.613976 160.966537 224.000000
greetreefrog302 0.007969 44.308418 81.532898 191.454376 195.702759
greetreefrog308 0.006064 16.566978 102.349060 96.500481 179.545197
greetreefrog496 0.010399 42.759430 11.772278 206.577393 171.181870
greetreefrog500 0.005021 117.665710 43.464264 206.863129 203.712677
greetreefrog516 0.006270 93.810776 23.357941 224.000000 224.000000
greetreefrog609 0.014917 3.754898 41.575516 186.528946 217.911026
greetreefrog689 0.016655 1.066811 31.906654 189.828400 224.000000
greetreefrog698 0.006695 39.343246 29.355446 219.543106 195.635559
greetreefrog727 0.009143 38.663094 21.194809 151.262115 127.512405
greetreefrog736 0.008963 31.455894 14.949261 171.891205 118.389343
greetreefrog99 0.005678 1.000000 29.544189 198.792633 179.200516
RedCrownedToadlet109 0.076900 31.282761 12.800888 224.000000 210.986404
RedCrownedToadlet158 0.029965 22.886818 1.000000 220.305115 211.664795
RedCrownedToadlet228 0.007665 90.926163 2.486938 181.168655 146.672729
RedCrownedToadlet242 0.005243 93.263741 18.477448 199.526184 190.743378
RedCrownedToadlet266 0.008132 28.502274 1.000000 181.544525 193.093079
RedCrownedToadlet299 0.012898 26.686775 64.656395 224.000000 189.394073
RedCrownedToadlet39 0.009995 1.337082 113.998047 126.861343 209.537384
RedCrownedToadlet406 0.010042 1.000000 66.661423 193.842682 210.008804
RedCrownedToadlet461 0.022085 1.000000 32.209652 154.938660 142.572128
RedCrownedToadlet461 0.010371 160.682098 1.000000 224.000000 146.006226
RedCrownedToadlet559 0.005477 32.939949 18.887634 224.000000 205.185760
RedCrownedToadlet588 0.030479 20.047012 8.356087 191.780167 195.538116
RedCrownedToadlet621 0.007737 36.707779 49.279976 223.383255 182.224823
RedCrownedToadlet631 0.005998 60.699562 44.199364 220.083588 181.741699
RedCrownedToadlet67 0.013714 31.341278 1.000000 224.000000 199.813660
RedCrownedToadlet678 0.015292 27.811661 7.744865 224.000000 203.184601
RedCrownedToadlet710 0.020616 111.208992 6.317383 199.150787 146.245682
RedCrownedToadlet734 0.007002 32.105461 25.762249 224.000000 144.594589
RedCrownedToadlet858 0.009442 58.853458 35.703377 184.468246 187.135162
RedCrownedToadlet88 0.006074 27.418598 1.000000 138.347626 224.000000
RedCrownedToadlet937 0.013727 16.170158 1.000000 198.268616 217.810272
RedEyed166 0.006640 1.000000 1.000000 173.187866 129.502487
RedEyed509 0.005577 1.000000 25.900047 200.681183 194.032928
RedEyed808 0.011348 1.000000 9.117294 200.150406 219.494171
VietnameseMossy334 0.039634 3.068293 15.416023 47.466728 224.000000
VietnameseMossy568 0.012168 192.554703 133.947266 224.000000 224.000000
VietnameseMossy99 0.326020 1.000000 3.650528 60.055626 173.257996
