1065 0.227543 46.576569 14.026466 219.935608 169.900543
1076 0.008160 67.034653 8.414330 205.754990 214.776001
1263 0.048380 32.554276 19.797417 224.000000 168.920868
1272 0.011558 3.562256 1.000000 182.911346 206.821228
1288 0.038384 7.610901 97.089058 182.345718 174.827728
1288 0.025597 7.104980 9.994736 178.373062 146.117722
1340 0.013411 59.855110 37.906586 206.299377 224.000000
1369 0.015190 54.870235 39.512871 164.295135 179.425110
1425 0.012680 89.362793 50.959068 190.342224 200.513519
1460 0.014252 46.523926 45.229004 203.472076 221.270050
1504 0.006438 55.740265 1.823059 213.339630 185.631851
1530 0.012520 39.859093 42.797684 193.913513 146.166519
1549 0.014043 42.093590 42.057892 203.113678 219.626434
1566 0.042469 30.483696 42.495682 187.358093 148.123199
1594 0.032461 64.435883 41.323486 167.963089 180.534912
1653 0.008551 1.000000 15.341019 132.134766 188.880173
173 0.009532 27.142120 22.633919 199.567505 165.386505
1800 0.009432 40.176369 34.074699 171.873444 188.299286
1803 0.006724 56.887436 3.211380 209.861496 184.012756
1881 0.005381 32.918205 34.366211 224.000000 224.000000
1919 0.021012 42.338577 8.459518 202.434967 180.675827
2004 0.008589 1.758324 23.518044 187.939301 186.080353
2086 0.013254 21.432678 1.000000 200.916428 127.083725
31 0.007322 49.596451 7.588211 212.022018 156.892532
357 0.014860 32.253944 1.000000 166.473755 192.082703
501 0.011708 62.768982 1.000000 217.849091 130.736664
55 0.012870 11.016876 25.384125 197.784714 162.700897
829 0.010285 24.260315 4.802620 224.000000 182.623352
906 0.044660 19.076904 2.796219 224.000000 154.557281
BluePoisonDartFrog1004 0.016115 40.721001 28.557610 180.717621 186.914581
BluePoisonDartFrog1065 0.006022 13.703506 25.236900 214.519958 165.236908
BluePoisonDartFrog107 0.006117 106.781654 57.185532 223.813110 189.013443
BluePoisonDartFrog1158 0.065451 53.116989 24.249870 189.614853 155.971222
BluePoisonDartFrog1198 0.019311 1.000000 10.508305 223.407410 74.134583
BluePoisonDartFrog1208 0.054259 57.579819 33.719212 189.233627 156.321609
BluePoisonDartFrog1215 0.006128 46.187874 47.198154 175.686615 173.436295
BluePoisonDartFrog1222 0.015738 11.050682 23.261040 164.995026 166.796631
BluePoisonDartFrog1247 0.016791 43.484932 1.000000 224.000000 150.411621
BluePoisonDartFrog1278 0.007419 48.792274 60.125435 181.219849 179.313354
BluePoisonDartFrog1286 0.021087 80.689171 67.210831 213.487976 185.579453
BluePoisonDartFrog1293 0.014142 6.786057 55.779617 153.096878 192.014816
BluePoisonDartFrog1331 0.028185 32.820633 45.329330 167.859863 204.687103
BluePoisonDartFrog135 0.022080 1.000000 1.000000 224.000000 197.172379
BluePoisonDartFrog1380 0.202826 7.205566 63.879040 193.309082 183.008774
BluePoisonDartFrog1392 0.018322 1.000000 51.329147 188.870422 153.936203
BluePoisonDartFrog1409 0.008818 28.932686 56.123192 175.103027 196.879547
BluePoisonDartFrog141 0.025124 13.001740 25.470009 171.835648 217.308868
BluePoisonDartFrog1453 0.030481 14.520073 48.619751 174.656006 187.286591
BluePoisonDartFrog1475 0.029736 23.349983 35.397854 199.391846 157.012344
BluePoisonDartFrog17 0.014453 28.625526 16.484932 224.000000 221.516357
BluePoisonDartFrog215 0.037562 53.614300 69.096054 175.255783 177.084778
BluePoisonDartFrog240 0.071378 29.678261 16.011703 185.613251 168.508804
BluePoisonDartFrog242 0.008676 70.648438 68.465607 193.482605 180.028046
BluePoisonDartFrog260 0.007841 96.560333 27.856491 224.000000 218.475967
BluePoisonDartFrog270 0.031358 28.665520 39.286400 187.938538 190.063995
BluePoisonDartFrog299 0.006542 36.537460 1.000000 162.731537 214.299454
BluePoisonDartFrog301 0.010839 86.526459 41.919106 206.773285 178.128693
BluePoisonDartFrog355 0.006004 1.000000 26.532555 194.679565 178.420715
BluePoisonDartFrog387 0.007772 1.183578 28.379570 209.448441 145.357086
BluePoisonDartFrog414 0.015395 18.688065 20.113548 171.995605 191.140259
BluePoisonDartFrog426 0.012432 24.230316 32.751743 179.162338 156.578094
BluePoisonDartFrog466 0.010944 46.896461 71.718170 193.467834 191.396759
BluePoisonDartFrog470 0.023658 15.641785 63.890678 204.473572 180.991974
BluePoisonDartFrog568 0.008352 23.321014 51.264290 164.201782 217.275665
BluePoisonDartFrog586 0.183444 68.240761 53.388733 199.573059 169.558990
BluePoisonDartFrog643 0.016327 41.296272 25.360519 172.991821 189.582001
BluePoisonDartFrog644 0.041851 56.350937 65.219963 180.189514 187.423645
BluePoisonDartFrog653 0.012591 20.755493 28.633209 169.556702 182.807480
BluePoisonDartFrog662 0.034179 35.552353 79.494545 212.551285 214.064484
BluePoisonDartFrog711 0.007389 1.000000 42.949127 156.587051 179.862503
BluePoisonDartFrog75 0.102419 15.442566 57.561699 135.658707 196.440277
BluePoisonDartFrog778 0.010713 57.843582 18.743279 180.552475 171.364441
BluePoisonDartFrog786 0.006632 1.000000 1.000000 221.007080 204.136566
BluePoisonDartFrog94 0.194970 76.972748 49.550446 200.127045 201.369965
BluePoisonDartFrog97 0.068877 6.123535 1.000000 214.082413 197.746658
CaneToad1,058 0.038320 48.254715 45.890274 215.418289 199.608322
CaneToad1,239 0.018905 4.886200 3.968765 160.581543 220.132858
CaneToad1,509 0.015177 1.000000 24.269226 194.759918 162.927612
CaneToad1,525 0.007172 41.539413 26.641411 181.286316 181.899384
CaneToad1,579 0.007001 21.537270 28.674706 201.400665 162.730743
CaneToad1,583 0.018317 29.172554 31.737976 220.205353 171.327499
CaneToad1,755 0.043189 159.765488 121.857452 221.433243 220.786530
CaneToad1,862 0.005902 39.637665 47.172623 182.771271 197.022873
CaneToad1,898 0.012222 52.714291 7.780235 150.822205 148.445190
CaneToad1,913 0.012736 4.373470 55.354454 122.045303 193.626740
CaneToad2,000 0.006850 31.859146 17.970917 122.210831 184.999603
corroboreefrog1012 0.018485 30.733902 6.479622 187.922424 181.758667
corroboreefrog1014 0.021231 29.217247 12.163895 224.000000 177.697556
corroboreefrog1022 0.006748 42.690636 20.407028 221.279816 166.310654
corroboreefrog1023 0.014714 34.490318 12.702393 224.000000 172.400177
corroboreefrog1151 0.025974 55.133163 4.481743 198.312881 186.177155
corroboreefrog1295 0.025446 14.745728 1.000000 169.390503 190.153854
corroboreefrog1367 0.005910 88.378136 10.495041 224.000000 191.101395
corroboreefrog1369 0.007774 24.050308 15.732964 176.060043 224.000000
corroboreefrog44 0.010572 1.000000 27.157166 193.192368 190.811218
corroboreefrog649 0.021717 36.921936 9.462112 224.000000 169.711868
corroboreefrog775 0.009562 21.614113 1.000000 174.712128 196.471191
corroboreefrog913 0.027848 1.000000 1.000000 197.990860 192.578705
GBF100 0.999781 35.915039 29.727386 182.116043 182.307709
GBF1000 0.999838 1.000000 7.353256 204.624939 224.000000
GBF1015 0.999954 47.235466 41.763077 169.967560 196.966721
GBF1023 0.996981 44.099648 16.722069 197.472168 168.498535
GBF1058 0.999858 2.969757 13.327614 213.851929 224.000000
GBF107 0.999718 46.594650 37.373898 196.331909 163.182648
GBF117 0.999989 15.555260 89.282852 153.645233 223.424118
GBF123 0.998995 5.234291 22.570251 213.904053 220.721649
GBF124 0.999986 22.814384 1.000000 211.272247 224.000000
GBF134 0.999960 16.488586 34.552956 202.788818 224.000000
GBF16 0.999864 36.937935 38.274780 192.987915 224.000000
GBF162 0.999961 31.988426 12.834930 175.590332 224.000000
GBF176 0.999793 101.195496 1.000000 215.653778 191.357056
GBF192 0.922744 40.212433 1.000000 218.870331 224.000000
GBF193 0.998855 6.396873 9.437042 173.945129 224.000000
GBF208 0.999945 1.000000 1.000000 224.000000 224.000000
GBF209 0.999875 2.539925 1.000000 217.498199 221.236969
GBF220 0.999336 11.361076 73.016151 173.218201 179.036438
GBF227 0.997139 75.341522 85.953911 223.864319 224.000000
GBF230 0.989969 1.000000 1.000000 224.000000 224.000000
GBF247 0.999849 14.135559 1.000000 218.552689 222.934372
GBF251 0.999924 60.950806 22.259064 219.328003 213.086060
GBF277 0.999833 10.244423 1.000000 211.114288 219.200623
GBF285 0.999943 39.143448 27.644936 197.542557 181.626862
GBF289 0.999878 25.774689 37.308403 177.158661 172.146301
GBF299 0.999868 34.470772 15.519836 186.694427 203.626343
GBF3 0.999579 10.133865 1.000000 218.081985 211.148026
GBF30 0.999954 7.978737 2.988403 199.657013 196.169342
GBF303 0.999889 27.604538 1.000000 204.793152 216.883972
GBF310 0.999976 29.521286 2.255280 205.690323 218.284515
GBF313 0.999845 28.481262 17.546333 189.769363 188.679474
GBF319 0.996260 44.402603 81.875099 192.146454 158.146027
GBF319 0.013509 54.508102 41.033226 209.003220 193.263184
GBF324 0.997380 17.420029 1.000000 217.996841 224.000000
GBF329 0.999991 8.993553 57.198837 136.581940 194.542664
GBF348 0.992345 21.931435 59.372429 205.723785 189.671722
GBF352 0.999987 27.122154 1.000000 195.311371 224.000000
GBF359 0.999748 34.878204 33.667023 210.226563 176.465729
GBF372 0.999747 45.970665 56.989838 188.297119 207.404449
GBF373 0.999899 24.829117 66.483948 187.081589 156.560425
GBF378 0.999992 38.802986 40.095665 180.530640 175.621002
GBF378 0.015810 60.265453 52.980789 160.200607 138.648773
GBF38 0.999939 19.932533 31.741707 196.589447 179.178894
GBF388 0.999931 49.917381 39.108940 186.372711 178.887970
GBF388 0.035191 67.722458 56.925728 167.628525 134.983459
GBF390 0.999995 38.920105 5.008537 199.634445 206.544739
GBF396 0.998623 12.636124 1.000000 211.161789 221.012207
GBF399 0.999975 27.998413 68.362274 220.264771 151.204712
GBF399 0.006067 47.362022 11.456245 197.627411 179.519196
GBF418 0.999438 44.726685 36.558319 198.829712 224.000000
GBF420 0.999825 40.423172 55.487328 178.921539 216.541565
GBF453 0.999896 67.599579 39.119072 181.500763 200.782288
GBF478 0.998899 6.527145 21.485878 207.436905 217.082916
GBF490 0.998181 56.307983 24.106422 210.698853 209.343719
GBF521 0.999997 1.000000 1.000000 212.393616 224.000000
GBF533 0.999932 47.143417 71.470940 190.970642 199.914673
GBF554 0.999648 25.991798 31.949173 214.187988 224.000000
GBF56 0.999970 6.439034 2.399719 198.127777 221.361923
GBF565 0.999598 23.589134 1.000000 198.505646 223.801834
GBF589 0.994225 71.254097 1.000000 147.788116 206.915985
GBF590 0.999960 1.000000 1.000000 217.475494 224.000000
GBF593 0.999650 41.423241 21.120804 220.305115 160.800751
GBF646 0.999773 52.929893 22.091797 198.309540 211.243881
GBF65 0.999998 1.000000 3.109329 224.000000 224.000000
GBF653 0.996901 36.080505 10.168457 199.166031 210.942749
GBF665 0.999684 3.750801 27.955456 181.129639 154.982300
GBF689 0.999947 1.259010 1.000000 202.115509 193.585831
GBF73 0.999806 19.051300 44.413246 212.362411 188.380493
GBF730 0.999558 1.630310 67.112297 206.336227 214.842316
GBF730 0.033744 1.000000 1.000000 224.000000 224.000000
GBF733 0.999973 3.855034 1.000000 215.534271 224.000000
GBF736 0.997809 43.910950 11.968460 189.622070 172.629990
GBF755 0.999506 25.557442 28.833626 197.991882 173.561615
GBF763 0.999996 5.907074 1.000000 168.737595 224.000000
GBF785 0.998426 21.465088 9.925446 221.720093 224.000000
GBF79 0.999947 41.043083 55.569427 172.010773 185.151627
GBF844 0.820445 53.340122 42.267967 168.684250 174.729736
GBF844 0.454730 86.693146 60.876980 164.161545 144.742920
GBF844 0.005502 56.634205 96.579178 147.308044 168.371414
GBF851 0.931752 75.342819 36.539825 177.681503 195.717941
GBF851 0.045713 43.598061 55.774910 128.407104 192.654633
GBF851 0.024755 50.786072 84.448441 104.150497 165.910889
GBF878 0.999138 38.663322 36.336533 207.725006 182.126328
GBF880 0.998267 55.957054 38.498886 190.428040 178.553848
GBF880 0.005220 70.073524 95.490166 180.532562 168.327393
GBF881 0.999908 25.706688 21.601631 188.803528 200.744934
GBF895 0.999853 44.826942 39.792473 201.418671 174.160339
GBF897 0.988413 10.481979 35.877762 224.000000 191.081589
GBF913 0.991230 20.395126 48.460922 183.964310 190.197922
GBF923 0.999125 34.153358 16.141594 189.007141 204.823425
GBF935 0.680497 45.127029 1.000000 170.718246 111.872986
GBF935 0.946562 66.274925 1.000000 148.222626 217.381165
GBF935 0.049997 91.136398 44.776047 174.824692 218.339645
GBF943 0.999928 39.263275 1.000000 222.031494 219.047745
GBF951 0.999712 11.475113 5.635384 208.472427 202.117523
GBF97 0.999580 38.073944 32.396446 197.926575 206.294983
GBF982 0.999982 39.583321 46.843086 178.544464 167.786835
GBF985 0.999901 30.297348 47.681675 207.367294 152.415268
GGBF106 0.007244 41.038162 28.697624 223.203140 156.128540
GGBF155 0.013398 35.130211 57.370407 224.000000 208.258347
GGBF298 0.023836 1.000000 5.749550 203.224304 213.006744
GGBF340 0.006185 41.404556 38.158913 209.404617 221.815369
GGBF361 0.007715 14.647141 28.292107 176.436234 181.791779
GGBF385 0.055776 1.000000 40.817734 194.917969 180.937897
GGBF422 0.035734 24.694374 1.000000 224.000000 224.000000
GGBF429 0.789113 41.042900 42.147888 168.973938 179.844116
GGBF747 0.014110 33.299683 23.216438 180.570404 134.849213
GGBF800 0.014826 59.999634 28.657486 201.392120 222.694366
GGBF810 0.011063 53.942238 17.045685 209.575165 165.310028
GGBF824 0.005459 110.156998 20.546814 169.123886 194.914764
GGBF849 0.045687 82.307709 81.063019 151.965881 136.199203
GGBF871 0.022089 49.516830 4.524200 213.951126 219.884979
GGBF884 0.187264 76.305069 1.000000 224.000000 224.000000
GGBF901 0.038300 71.050781 1.000000 212.098236 190.918579
GoldenPoisonDartFrog1035 0.015402 64.861732 51.915764 195.588104 183.211639
GoldenPoisonDartFrog1055 0.053053 1.000000 3.685028 108.991516 181.543243
GoldenPoisonDartFrog1055 0.007546 135.758759 7.765770 224.000000 148.295624
GoldenPoisonDartFrog155 0.009934 48.090607 28.655754 190.782608 159.516815
GoldenPoisonDartFrog16 0.009408 27.546768 43.319145 187.161575 149.213409
GoldenPoisonDartFrog369 0.011638 67.211891 45.208252 212.926666 209.940720
GoldenPoisonDartFrog462 0.006873 34.406464 50.275200 177.788025 195.283478
GoldenPoisonDartFrog482 0.050982 160.861282 14.026062 224.000000 61.291779
GoldenPoisonDartFrog496 0.008661 15.137650 44.182400 184.292068 129.992355
GoldenPoisonDartFrog538 0.010512 45.182827 45.729057 153.886780 189.773315
GoldenPoisonDartFrog651 0.010077 129.044052 26.634766 219.251114 189.982590
GoldenPoisonDartFrog675 0.008070 41.503166 18.995602 219.332581 118.268799
GoldenPoisonDartFrog698 0.008740 2.125244 37.746483 184.382385 159.803833
GoldenPoisonDartFrog769 0.010763 139.962067 121.876884 224.000000 195.717010
GoldenPoisonDartFrog801 0.022905 38.870262 60.243736 210.870728 203.000031
GoldenPoisonDartFrog861 0.008450 60.828690 56.840019 199.024246 161.556793
GoldenPoisonDartFrog891 0.008612 93.654106 56.338074 198.721893 182.077667
GoldenPoisonDartFrog917 0.168900 84.186668 88.166725 134.467972 175.574615
GoldenPoisonDartFrog966 0.015216 39.711433 41.843559 192.357788 161.377502
GoldenPoisonDartFrog979 0.010539 115.783501 91.467056 202.574493 179.361099
greetreefrog1008 0.025799 50.850227 37.091774 179.728302 183.050201
greetreefrog116 0.005514 22.227493 28.741768 224.000000 196.924744
greetreefrog1210 0.006308 69.527046 50.430511 178.168732 186.928284
greetreefrog1295 0.008791 1.000000 4.008331 141.575867 123.256668
greetreefrog1427 0.010891 32.429085 34.772621 224.000000 191.218445
greetreefrog1471 0.006538 37.421104 16.498577 160.762268 126.574890
greetreefrog1490 0.007709 42.351406 63.654861 140.926605 205.763626
greetreefrog1721 0.005976 24.770676 29.184715 200.023270 160.903442
greetreefrog1805 0.005313 6.424858 27.754295 152.050415 189.048035
greetreefrog1827 0.013066 15.881660 30.032852 201.831360 160.899353
greetreefrog1884 0.006348 34.604515 21.798981 165.110168 224.000000
greetreefrog1920 0.006747 25.788719 24.774345 178.834808 186.600372
greetreefrog210 0.005948 75.454781 26.211052 185.558716 193.953766
greetreefrog245 0.012550 58.539055 33.009964 218.208923 157.382248
greetreefrog302 0.024595 44.531044 71.132004 177.888855 194.972794
greetreefrog46 0.064213 52.575249 51.954933 181.919098 183.802582
greetreefrog499 0.011656 31.171524 10.585361 198.324631 116.171661
greetreefrog500 0.022146 109.507820 39.718315 215.313110 183.500244
greetreefrog555 0.006632 31.718437 31.853638 183.037537 210.566849
greetreefrog593 0.021393 18.290504 12.603348 149.746338 142.243393
greetreefrog62 0.009374 32.460442 41.415001 148.794037 196.965271
greetreefrog757 0.005476 20.413406 28.534363 212.396225 224.000000
greetreefrog774 0.009548 21.952087 22.127205 192.529236 191.921967
greetreefrog901 0.005101 58.309669 46.090225 169.412964 187.589706
greetreefrog962 0.006243 23.110397 28.348419 159.379227 162.957977
greetreefrog969 0.017137 51.059837 44.245274 176.833893 162.501801
greetreefrog99 0.006263 1.000000 29.544189 198.792633 179.200516
RedCrownedToadlet109 0.019746 31.282761 12.800888 224.000000 210.986404
RedCrownedToadlet121 0.011350 17.962654 2.610306 170.799835 186.432480
RedCrownedToadlet149 0.011347 38.815323 1.000000 189.928391 193.957977
RedCrownedToadlet158 0.044950 42.633530 14.105515 223.258255 160.621933
RedCrownedToadlet166 0.005675 39.514801 50.878136 223.208344 173.475342
RedCrownedToadlet228 0.012491 90.926163 2.486938 181.168655 146.672729
RedCrownedToadlet242 0.009323 82.485931 33.765724 186.571350 195.011444
RedCrownedToadlet262 0.016355 13.188591 59.397308 178.414642 154.440186
RedCrownedToadlet266 0.035032 15.435432 30.456383 172.842987 182.219696
RedCrownedToadlet299 0.023698 26.686775 64.656395 224.000000 189.394073
RedCrownedToadlet38 0.006366 1.000000 50.295998 130.282806 224.000000
RedCrownedToadlet406 0.141419 28.306931 55.072769 224.000000 190.197922
RedCrownedToadlet434 0.005136 44.746063 62.058289 224.000000 189.386993
RedCrownedToadlet45 0.006882 25.143837 35.642605 217.806549 161.325867
RedCrownedToadlet461 0.854894 1.000000 17.973694 154.086639 155.288849
RedCrownedToadlet466 0.106288 3.585594 19.108513 182.965240 224.000000
RedCrownedToadlet476 0.010941 48.446396 50.795990 213.113297 178.384369
RedCrownedToadlet49 0.059758 1.000000 30.057938 193.895111 195.719681
RedCrownedToadlet500 0.225517 17.074409 46.992481 173.295380 136.886154
RedCrownedToadlet546 0.025065 39.120987 64.230949 178.327377 199.741333
RedCrownedToadlet559 0.019891 29.111694 27.975975 224.000000 191.303467
RedCrownedToadlet588 0.308430 14.351082 9.344551 196.999603 172.193726
RedCrownedToadlet621 0.288638 25.319641 59.458038 201.519653 201.370911
RedCrownedToadlet631 0.410924 60.699562 44.199364 220.083588 181.741699
RedCrownedToadlet67 0.015036 39.803703 10.530830 223.585938 157.237488
RedCrownedToadlet710 0.005836 115.966461 25.498291 199.698395 157.215866
RedCrownedToadlet722 0.005884 72.771385 54.813217 183.126709 192.430466
RedCrownedToadlet73 0.020088 23.694580 53.692734 165.373642 175.180496
RedCrownedToadlet734 0.006879 16.353584 27.936989 216.534485 128.689575
RedCrownedToadlet802 0.005965 19.932571 42.260910 139.313766 176.128296
RedCrownedToadlet858 0.008709 48.894485 55.564789 173.945648 193.709045
RedCrownedToadlet896 0.468596 23.944542 4.978394 173.977509 149.566101
RedCrownedToadlet937 0.057262 23.142960 12.242065 192.953125 201.452972
RedCrownedToadlet992 0.128366 39.561420 22.080017 165.376160 221.153320
RedEyed221 0.008051 86.724152 44.822399 224.000000 160.963547
RedEyed376 0.007339 54.242702 16.365082 159.315994 157.489380
RedEyed400 0.062018 39.575439 28.469433 175.397415 147.670380
RedEyed442 0.005258 24.418083 68.681564 219.899384 195.901566
RedEyed503 0.009214 68.434479 53.343712 177.433884 200.300476
RedEyed506 0.009939 82.537727 54.828209 196.166840 184.230225
RedEyed583 0.008581 66.148315 43.778191 179.441620 178.820007
RedEyed651 0.005717 60.044151 31.578171 185.122345 127.635147
RedEyed706 0.023357 37.371674 40.847874 175.812637 166.775391
RedEyed718 0.026440 108.988678 101.685822 220.810181 178.992798
RedEyed752 0.007982 39.632019 80.140045 177.783386 143.597809
RedEyed756 0.011682 76.248657 25.185341 189.542755 163.179779
RedEyed826 0.007559 59.121788 29.850700 174.244659 158.135895
RedEyed851 0.025801 67.380646 1.000000 164.415955 130.882751
RedEyed944 0.008032 122.636276 1.000000 221.643631 160.399658
RedEyed990 0.024587 1.000000 32.096489 224.000000 179.829163
RedEyed994 0.006264 65.150375 24.514465 174.931198 197.710892
VietnameseMossy160 0.927821 71.508705 2.738380 222.935150 224.000000
VietnameseMossy596 0.008002 23.111374 79.043648 224.000000 217.023102
