1065 0.019351 46.576569 14.026466 219.935608 169.900543
113 0.011381 64.273468 1.000000 200.375366 191.487274
1186 0.007588 1.000000 28.941109 192.240662 224.000000
1263 0.010980 1.000000 34.389534 194.958054 178.060577
1426 0.006652 55.106583 44.088417 219.473923 217.029938
1459 0.005601 54.252693 4.854721 201.957642 222.764603
1460 0.008213 55.497818 48.084854 214.665298 217.878128
147 0.010864 22.982216 43.584991 184.011047 219.899841
1549 0.009099 37.737846 37.877075 224.000000 223.576050
1566 0.007677 30.483696 42.495682 187.358093 148.123199
1594 0.011568 63.772583 32.985573 157.473938 190.759949
1653 0.005251 1.000000 15.341019 132.134766 188.880173
1698 0.026927 48.725266 4.135422 215.143906 183.830887
173 0.013581 1.000000 34.279716 204.283157 180.051392
1803 0.009407 40.559921 1.000000 221.837204 188.003540
1881 0.010670 32.918205 34.366211 224.000000 224.000000
2004 0.024082 1.758324 23.518044 187.939301 186.080353
2086 0.006463 21.432678 1.000000 200.916428 127.083725
31 0.016302 49.596451 7.588211 212.022018 156.892532
392 0.010099 37.129921 16.029167 223.828827 165.586182
55 0.005902 42.876434 51.036674 216.611664 180.585938
75 0.005558 36.673904 24.892288 192.824142 218.510406
829 0.015129 1.000000 1.000000 198.084595 214.946442
972 0.020785 1.000000 11.065277 201.506897 216.306473
BluePoisonDartFrog1065 0.009106 13.703506 25.236900 214.519958 165.236908
BluePoisonDartFrog1158 0.015096 33.885536 8.816414 197.672302 159.367310
BluePoisonDartFrog1198 0.008950 1.000000 10.508305 223.407410 74.134583
BluePoisonDartFrog1222 0.007935 19.826523 24.273331 189.824997 167.174606
BluePoisonDartFrog1293 0.006039 25.149933 56.313187 183.099075 207.979843
BluePoisonDartFrog1380 0.020599 3.444397 69.267166 177.561508 178.433167
BluePoisonDartFrog1392 0.011944 34.336975 31.249962 224.000000 183.670929
BluePoisonDartFrog1409 0.059636 20.802315 52.121010 195.291504 200.081940
BluePoisonDartFrog141 0.018025 3.090225 30.022636 186.581329 202.744720
BluePoisonDartFrog1475 0.008214 1.000000 43.242142 193.993454 181.798416
BluePoisonDartFrog17 0.033523 28.625526 16.484932 224.000000 221.516357
BluePoisonDartFrog270 0.049126 26.804504 28.017410 203.617645 163.613953
BluePoisonDartFrog378 0.015197 22.201569 9.594940 224.000000 215.221786
BluePoisonDartFrog387 0.008019 18.006363 27.807503 224.000000 173.697876
BluePoisonDartFrog414 0.007193 60.198318 14.801285 200.539291 196.976395
BluePoisonDartFrog426 0.007136 13.047165 34.712479 189.940659 165.745132
BluePoisonDartFrog568 0.016913 23.321014 51.264290 164.201782 217.275665
BluePoisonDartFrog653 0.012412 1.000000 14.963516 181.436493 173.945419
BluePoisonDartFrog75 0.007192 10.206795 51.807014 193.190125 224.000000
BluePoisonDartFrog786 0.005146 1.000000 1.000000 221.007080 204.136566
BluePoisonDartFrog830 0.014773 1.000000 4.270374 218.997299 111.001984
BluePoisonDartFrog939 0.006170 1.000000 1.000000 203.152740 194.417297
BluePoisonDartFrog94 0.012511 35.895073 52.640190 211.335724 220.080414
BluePoisonDartFrog97 0.030469 5.028625 24.604088 210.838684 224.000000
CaneToad1,036 0.008101 20.970123 36.111778 224.000000 224.000000
CaneToad1,235 0.007604 1.000000 32.312164 193.622833 171.012604
CaneToad1,239 0.191060 4.886200 3.968765 160.581543 220.132858
CaneToad1,239 0.006671 93.092720 10.681053 174.924225 221.365997
CaneToad1,241 0.015501 23.547821 1.487946 224.000000 210.814972
CaneToad1,379 0.022847 53.431835 1.000000 178.005829 224.000000
CaneToad1,525 0.005091 51.942589 24.093620 212.269348 182.531158
CaneToad1,579 0.011750 1.000000 36.726303 196.620514 176.863403
CaneToad1,583 0.006481 29.172554 31.737976 220.205353 171.327499
CaneToad1,676 0.005981 61.340172 81.872414 236.411560 221.706512
CaneToad1,721 0.025629 1.000000 26.831764 213.763092 211.536133
CaneToad1,779 0.010290 56.149139 22.257881 203.790955 224.000000
CaneToad1,862 0.005515 46.255333 49.331779 218.805542 213.700806
CaneToad1,865 0.005111 1.000000 61.111877 201.414703 208.596802
CaneToad1,926 0.005641 1.000000 37.053284 188.264450 171.646591
CaneToad1,973 0.009465 52.424545 17.320923 207.736740 224.000000
CaneToad2,000 0.009634 14.945389 1.000000 124.966537 222.855988
CaneToad2,069 0.007869 28.286240 72.989624 201.518311 202.363159
CaneToad2,106 0.068589 37.761803 1.000000 176.341064 224.000000
corroboreefrog1003 0.322911 1.000000 1.000000 200.340149 186.741241
corroboreefrog1012 0.105527 40.290192 10.923866 224.000000 201.125122
corroboreefrog1014 0.034376 25.671700 32.324730 211.361725 224.000000
corroboreefrog1022 0.040961 62.289391 31.964088 174.938690 199.341614
corroboreefrog1023 0.051599 34.490318 12.702393 224.000000 172.400177
corroboreefrog1029 0.018442 30.222801 33.728371 180.591797 197.348450
corroboreefrog1041 0.024191 54.453186 16.266991 207.325928 184.055145
corroboreefrog1076 0.032067 29.461365 63.374474 215.432556 197.149475
corroboreefrog1085 0.014016 71.165634 10.266525 156.703140 204.978836
corroboreefrog1151 0.091937 60.543739 1.000000 214.202087 193.309418
corroboreefrog1152 0.016950 1.000000 12.033897 205.671219 158.383636
corroboreefrog1169 0.101257 48.253067 75.577003 164.792206 169.025146
corroboreefrog122 0.006206 17.432663 32.119606 185.059021 164.819489
corroboreefrog1244 0.058948 30.644798 1.000000 224.000000 194.323883
corroboreefrog129 0.006392 88.454544 25.043961 191.392471 224.000000
corroboreefrog1291 0.009246 53.920601 39.469559 207.887054 224.000000
corroboreefrog1295 0.056768 22.978989 34.280579 163.296677 184.528030
corroboreefrog1304 0.012125 24.207996 2.993874 102.823334 165.070923
corroboreefrog1367 0.048366 88.378136 10.495041 224.000000 191.101395
corroboreefrog1369 0.086231 24.191753 41.926781 150.694016 208.605621
corroboreefrog1475 0.006766 46.281464 2.019913 209.952148 169.651077
corroboreefrog1549 0.025510 6.595467 56.866524 180.786621 218.874634
corroboreefrog1601 0.019695 33.898048 59.058907 171.942261 213.651031
corroboreefrog1609 0.022353 19.021942 39.816307 160.039673 198.770630
corroboreefrog1613 0.017548 49.565445 49.289185 211.897781 210.802277
corroboreefrog1681 0.044470 42.126232 38.979088 156.017700 223.123352
corroboreefrog1707 0.009283 1.000000 29.398041 193.038361 171.812683
corroboreefrog1722 0.031146 25.619461 56.158203 192.588486 206.431824
corroboreefrog1732 0.013403 6.716518 104.570717 126.938797 223.333496
corroboreefrog1862 0.008142 16.487679 49.573555 186.793365 169.436768
corroboreefrog1881 0.023308 41.970261 62.765648 217.997940 224.000000
corroboreefrog1886 0.017052 55.681156 76.086189 175.499176 222.248444
corroboreefrog196 0.008972 12.522408 27.815826 178.913086 179.258286
corroboreefrog197 0.009252 67.930084 44.816536 159.889954 173.009796
corroboreefrog261 0.005802 50.291611 56.440567 183.184341 183.297928
corroboreefrog308 0.006806 26.266006 69.819939 116.606155 207.763824
corroboreefrog323 0.009091 13.665199 60.980835 175.815216 220.133392
corroboreefrog349 0.031034 32.026489 26.530136 212.550446 164.756088
corroboreefrog407 0.040887 51.343273 46.353771 150.213669 161.747452
corroboreefrog42 0.072050 55.206703 33.390633 206.829773 200.981384
corroboreefrog44 0.060561 52.827225 21.960213 210.788315 194.848572
corroboreefrog487 0.005852 46.623016 32.219734 213.874054 182.728729
corroboreefrog583 0.005684 50.518272 27.654877 210.270508 182.528641
corroboreefrog649 0.141536 6.280602 21.638145 183.102234 183.300659
corroboreefrog66 0.012500 44.823608 15.431908 179.162170 142.352539
corroboreefrog67 0.029999 39.800667 46.153038 181.063324 176.583160
corroboreefrog672 0.013266 1.000000 39.937691 205.566559 199.242096
corroboreefrog765 0.063279 1.000000 55.978088 201.342102 224.000000
corroboreefrog775 0.027304 31.034660 1.000000 148.325470 224.000000
corroboreefrog795 0.009931 62.631859 41.843964 202.221954 224.000000
corroboreefrog822 0.014326 10.112053 33.860252 181.463959 224.000000
corroboreefrog83 0.008644 80.624985 1.000000 224.000000 190.924683
corroboreefrog838 0.006535 4.295746 98.289337 181.220062 224.000000
corroboreefrog864 0.039417 62.365360 24.391441 171.032013 178.378021
corroboreefrog877 0.006921 6.514847 62.159966 181.394089 199.462402
corroboreefrog909 0.006274 56.805161 39.301605 206.438217 223.397583
corroboreefrog913 0.027236 4.349327 21.359032 183.178772 196.126770
corroboreefrog915 0.009081 57.766434 1.000000 206.470078 194.982544
corroboreefrog918 0.010406 54.713196 86.177338 207.014282 176.083405
corroboreefrog934 0.006599 38.985950 3.589340 158.067398 145.299561
corroboreefrog947 0.019376 68.030411 51.526306 213.208878 212.677521
corroboreefrog999 0.577227 4.455162 10.242783 174.105438 221.112244
GBF123 0.015321 23.707993 31.421097 224.000000 224.000000
GBF192 0.213870 1.000000 1.000000 207.978271 224.000000
GBF208 0.017450 10.252533 11.448151 224.000000 224.000000
GBF230 0.790277 1.000000 18.841431 224.000000 224.000000
GBF299 0.005589 38.013542 15.898247 224.000000 207.462189
GBF324 0.008851 27.618011 10.236305 224.000000 224.000000
GBF348 0.013177 35.587715 63.382401 224.000000 200.128983
GBF396 0.022143 3.298500 1.099060 220.920959 224.000000
GBF478 0.006483 1.000000 35.305206 186.739319 224.000000
GBF565 0.006324 27.967003 1.000000 224.000000 189.789658
GBF653 0.028413 46.691635 11.839447 214.727859 224.000000
GBF897 0.030109 24.475998 34.454956 224.000000 224.000000
GGBF100 0.999274 35.680267 1.000000 208.872711 178.451706
GGBF104 0.999566 13.901764 28.839790 208.178314 220.382385
GGBF106 0.983834 36.452629 32.652206 212.227783 181.427612
GGBF107 0.999632 1.000000 68.672722 224.000000 169.954742
GGBF122 0.984586 66.370453 59.558411 155.311508 129.272339
GGBF142 0.999983 1.000000 47.929070 185.684326 204.098145
GGBF147 0.999715 70.904251 37.600128 165.621414 163.669327
GGBF149 0.999766 74.605911 11.293289 206.985184 167.827835
GGBF154 0.999197 66.237030 57.505669 198.537109 194.867493
GGBF155 0.998890 30.757385 48.987785 208.643326 190.932617
GGBF16 0.999946 4.976143 31.628555 224.000000 176.458282
GGBF175 0.110659 99.309517 2.933624 224.000000 222.881058
GGBF175 0.044552 88.964859 94.851097 161.346619 219.175659
GGBF210 0.999572 3.808640 56.225639 224.000000 156.721863
GGBF216 0.999883 1.000000 70.354568 221.899597 222.722641
GGBF226 0.997682 19.419083 17.477127 206.382858 208.138168
GGBF245 0.999917 9.096260 2.759193 210.016541 217.554810
GGBF246 0.999847 12.929466 38.476807 189.716522 189.006165
GGBF264 0.984551 49.753796 72.263702 158.693466 206.935150
GGBF27 0.999975 1.864182 1.000000 219.456589 210.525848
GGBF276 0.998812 1.000000 74.510178 208.585327 158.359375
GGBF277 0.981158 78.535690 32.182617 198.852188 157.362625
GGBF298 0.989104 2.126961 1.185768 217.474030 217.468384
GGBF304 0.999950 14.771866 26.002937 189.938004 224.000000
GGBF339 0.999996 1.000000 26.749992 217.982513 148.745819
GGBF340 0.999671 53.122627 30.157150 216.114807 196.220169
GGBF351 0.910049 17.253872 123.956032 123.087479 173.726563
GGBF361 0.998900 34.256271 28.640282 175.055176 178.941650
GGBF382 0.999287 46.504883 58.730652 165.122314 181.811279
GGBF383 0.996591 59.276096 53.993530 146.610611 178.762009
GGBF385 0.768516 18.227158 32.919624 208.450516 182.725342
GGBF394 0.998220 52.624683 40.014305 163.905167 171.408112
GGBF40 0.999976 1.000000 1.000000 214.363678 214.589691
GGBF408 0.999368 33.743576 90.044754 119.244659 161.977249
GGBF422 0.999861 1.000000 1.000000 224.000000 224.000000
GGBF426 0.916593 20.855507 54.914879 191.049805 135.120270
GGBF426 0.278499 1.000000 44.311836 220.313126 180.045593
GGBF426 0.020989 50.761818 56.853600 152.440186 117.258461
GGBF429 0.941334 41.418285 54.637161 168.396729 186.978546
GGBF436 0.999754 50.473320 35.276184 214.989136 202.368546
GGBF440 0.995678 62.405552 18.720474 150.116638 184.042343
GGBF464 0.664799 1.000000 1.000000 222.402039 224.000000
GGBF47 0.999681 35.360802 38.410027 198.100494 186.713867
GGBF493 0.999850 39.765526 35.285492 171.873962 180.307846
GGBF500 0.998743 3.121132 1.000000 179.404053 218.942810
GGBF525 0.998576 25.273506 87.928757 224.000000 179.782181
GGBF537 0.195381 61.899017 115.617386 122.744598 182.772446
GGBF537 0.194327 3.057667 10.819698 88.303436 94.164474
GGBF537 0.007048 1.000000 4.566349 149.904449 107.711349
GGBF543 0.998315 109.333382 105.184662 192.424744 222.825775
GGBF555 0.999917 17.950180 20.491623 221.015701 218.642929
GGBF557 0.999999 1.000000 1.000000 224.000000 224.000000
GGBF56 0.999314 70.984772 35.594116 194.367401 178.005600
GGBF580 0.999883 27.940338 49.231682 222.489410 199.835175
GGBF594 0.969807 36.355484 52.066196 136.110474 136.521637
GGBF594 0.006508 1.000000 32.444977 162.193542 148.560822
GGBF6 0.999754 12.679161 1.000000 216.119568 207.807770
GGBF611 0.999086 2.886955 52.741302 224.000000 163.529999
GGBF622 0.999567 48.935898 29.026047 218.227432 224.000000
GGBF633 0.999275 5.083885 10.146988 171.974487 165.914566
GGBF640 0.999322 9.937820 3.544373 224.000000 224.000000
GGBF646 0.999988 9.933540 42.504227 206.861359 186.403336
GGBF649 0.999827 1.000000 1.000000 222.269531 224.000000
GGBF666 0.999910 45.257462 44.492668 175.103378 192.732178
GGBF670 0.866682 63.241676 54.360008 121.443810 133.646942
GGBF670 0.010926 48.488327 114.919640 102.801025 198.538605
GGBF696 0.999664 25.235970 10.778549 211.256378 220.247757
GGBF703 0.999717 23.837341 1.000000 213.883591 169.709671
GGBF703 0.005939 49.505432 13.952850 135.943695 160.584534
GGBF706 0.030928 61.796677 135.013809 141.578873 195.163132
GGBF706 0.026567 75.897331 18.452621 213.898193 197.158386
GGBF706 0.005584 16.078552 22.702408 157.708664 201.499329
GGBF713 0.995438 52.304672 52.805336 182.988998 167.779572
GGBF726 0.130090 91.919075 9.991684 179.216309 202.562546
GGBF726 0.117009 86.386147 69.854355 146.776443 148.352356
GGBF726 0.012736 90.352951 87.308792 175.669296 176.469131
GGBF736 0.975497 22.538712 83.790810 221.868179 147.967407
GGBF736 0.085497 33.561172 91.185242 137.177109 154.073593
GGBF743 0.997414 35.344170 5.854813 178.199066 222.166412
GGBF744 0.014499 5.941521 11.425156 138.650879 102.381851
GGBF744 0.708145 63.944107 84.416519 153.883179 132.814774
GGBF744 0.012162 54.753853 95.804138 177.423462 149.493958
GGBF747 0.935116 35.791962 23.587830 172.203125 153.246979
GGBF753 0.999262 43.440788 45.883728 163.210693 206.142578
GGBF764 0.999898 9.923172 53.361938 208.558685 187.791443
GGBF780 0.999885 17.376366 31.893074 192.398926 204.302246
GGBF782 0.999999 1.000000 1.000000 224.000000 215.374298
GGBF783 0.999324 13.045654 19.972092 191.993637 181.548447
GGBF787 0.998900 46.184982 33.674835 221.952560 198.079636
GGBF787 0.021472 63.056961 51.107323 154.537949 189.789429
GGBF800 0.998847 58.138649 56.048630 190.439941 213.918472
GGBF810 0.803779 49.167267 18.376694 193.465576 168.433151
GGBF811 0.995718 81.204117 33.958527 153.970215 205.077423
GGBF812 0.995671 36.186829 19.074501 188.524841 192.946045
GGBF824 0.689544 99.454330 44.881042 181.715897 175.173721
GGBF839 0.999908 43.332108 24.713898 174.890106 185.180557
GGBF842 0.999970 12.145668 22.367012 208.442657 212.841003
GGBF845 0.222155 60.057961 105.968124 141.693726 173.699753
GGBF845 0.068851 1.000000 101.403275 144.391968 200.035568
GGBF849 0.015034 10.629570 1.000000 162.240875 92.041336
GGBF849 0.038511 82.307709 81.063019 151.965881 136.199203
GGBF85 0.999896 1.000000 19.690796 203.072998 220.816833
GGBF850 0.999810 39.168808 1.000000 210.306870 170.137802
GGBF871 0.281570 69.302773 4.901848 224.000000 215.740448
GGBF871 0.100536 84.328583 124.631218 166.760529 187.599762
GGBF871 0.037296 59.539173 110.687805 144.207504 170.917847
GGBF871 0.005560 66.390472 108.981552 170.064163 221.495224
GGBF874 0.997810 59.077103 22.916573 154.844345 217.955048
GGBF884 0.172483 1.000000 1.000000 224.000000 224.000000
GGBF889 0.999851 46.834671 46.476616 171.291138 189.035736
GGBF901 0.305051 57.784653 43.201500 221.152664 185.880371
GGBF922 0.999802 65.636505 55.410728 206.354614 192.179047
GGBF93 0.998913 3.189072 10.539146 172.451965 224.000000
GGBF93 0.006588 28.225567 42.331718 152.506592 174.672638
GGBF935 0.989592 20.767525 1.800621 204.950073 224.000000
GGBF940 0.994579 12.571289 23.208672 130.818726 182.302185
GoldenPoisonDartFrog482 0.026909 161.588806 13.286032 220.378265 61.675873
GoldenPoisonDartFrog538 0.005150 26.710732 46.158562 173.885101 176.429138
GoldenPoisonDartFrog917 0.032480 84.186668 88.166725 134.467972 175.574615
greetreefrog1028 0.008291 103.213379 56.411621 183.860931 134.401443
greetreefrog1087 0.047837 2.695686 9.599541 189.554504 219.252502
greetreefrog1119 0.022518 78.210236 57.650951 185.095947 170.683670
greetreefrog1154 0.006019 33.149712 28.846718 190.293945 190.894989
greetreefrog1155 0.010840 37.069633 25.048668 198.241852 194.277740
greetreefrog116 0.422115 22.227493 28.741768 224.000000 196.924744
greetreefrog117 0.005092 30.965050 1.000000 224.000000 199.346954
greetreefrog1243 0.024469 1.000000 25.358299 192.697449 224.000000
greetreefrog1275 0.015635 1.000000 38.984550 197.749756 162.675995
greetreefrog13 0.033967 52.063202 7.443764 218.311035 151.335938
greetreefrog131 0.033967 2.087006 30.058899 211.774521 159.639725
greetreefrog1311 0.010994 47.848694 20.472855 215.429962 170.078140
greetreefrog1314 0.012519 18.790131 31.708351 191.645676 224.000000
greetreefrog1337 0.005604 1.000000 20.866348 202.450119 192.589142
greetreefrog1427 0.088033 35.403198 20.854568 224.000000 207.018539
greetreefrog1471 0.014812 31.309536 26.363270 154.478668 139.983124
greetreefrog1515 0.010087 1.000000 73.713554 217.999329 189.655243
greetreefrog1524 0.031662 1.000000 8.427361 200.274216 209.054321
greetreefrog153 0.434653 20.672867 35.030109 103.493828 91.366241
greetreefrog1593 0.006848 94.910248 159.042496 160.569946 201.786972
greetreefrog1593 0.028023 1.000000 96.273964 79.204483 137.710114
greetreefrog1617 0.006272 16.573158 49.075470 217.897430 153.610977
greetreefrog1682 0.008823 40.480927 21.395035 220.764771 224.000000
greetreefrog1694 0.035445 1.000000 90.029770 183.802826 185.822220
greetreefrog172 0.015313 37.803001 54.353149 220.634979 173.742172
greetreefrog1721 0.020863 45.388084 28.327606 214.942322 209.672272
greetreefrog1751 0.005691 104.255280 59.902760 182.447357 128.440720
greetreefrog1803 0.009032 58.739151 22.725090 197.438583 206.534943
greetreefrog1805 0.010019 6.424858 27.754295 152.050415 189.048035
greetreefrog1827 0.080794 15.881660 30.032852 201.831360 160.899353
greetreefrog1871 0.006138 1.000000 13.520950 192.154556 188.157852
greetreefrog1884 0.051241 32.064751 26.975197 166.075317 191.805145
greetreefrog1917 0.042729 1.000000 21.595116 197.531525 191.151428
greetreefrog1919 0.024151 1.000000 44.195465 200.124115 191.850952
greetreefrog1920 0.010578 9.809753 25.592285 177.645691 187.286163
greetreefrog1923 0.009689 26.708672 1.000000 224.000000 195.384308
greetreefrog1967 0.005840 32.368973 18.096710 190.488770 165.854034
greetreefrog210 0.013013 75.454781 26.211052 185.558716 193.953766
greetreefrog224 0.014176 42.401207 66.362183 180.452515 165.862228
greetreefrog302 0.115398 37.517593 69.804718 184.566238 182.893814
greetreefrog308 0.007778 14.514702 95.347748 108.549416 186.130493
greetreefrog314 0.012347 1.000000 39.608749 192.297791 219.170029
greetreefrog397 0.011003 1.000000 19.018326 191.334732 213.299118
greetreefrog4 0.007160 1.000000 65.087242 194.036591 211.601501
greetreefrog46 0.738626 53.396904 54.709702 185.977478 193.736923
greetreefrog496 0.011783 44.044289 18.945923 218.081177 166.356461
greetreefrog502 0.005229 98.468887 41.926285 224.000000 224.000000
greetreefrog506 0.006138 51.744591 104.919884 211.657013 224.000000
greetreefrog555 0.005127 31.718437 31.853638 183.037537 210.566849
greetreefrog579 0.021297 36.303299 25.953194 222.331528 155.028961
greetreefrog581 0.005628 30.691803 28.579712 169.977585 224.000000
greetreefrog644 0.009997 1.000000 1.000000 207.234680 202.633331
greetreefrog646 0.018011 54.149384 5.886505 212.116577 197.785233
greetreefrog656 0.016239 38.044701 6.966774 191.760956 194.434906
greetreefrog671 0.013508 59.177269 71.486404 179.488800 159.691422
greetreefrog689 0.007742 1.066811 31.906654 189.828400 224.000000
greetreefrog698 0.013524 28.791061 35.588631 191.335403 172.097626
greetreefrog727 0.006338 68.010246 6.608772 159.959595 130.709198
greetreefrog757 0.039503 1.000000 20.741356 198.396713 196.776031
greetreefrog774 0.006327 21.952087 22.127205 192.529236 191.921967
greetreefrog797 0.005605 32.677002 86.967606 187.686859 180.661697
greetreefrog798 0.008437 73.627213 51.774525 180.340927 179.372574
greetreefrog868 0.012867 1.000000 1.000000 191.146225 195.501770
greetreefrog876 0.715626 12.393524 40.951111 217.574341 219.037628
greetreefrog901 0.006646 26.298004 45.888870 164.039200 170.962723
greetreefrog907 0.017656 59.662354 1.000000 202.167267 189.409058
greetreefrog926 0.008004 1.000000 16.797348 197.882813 207.971146
greetreefrog964 0.006290 48.750946 73.246704 220.620148 202.093842
greetreefrog969 0.013931 40.847271 46.474983 163.427643 160.721985
greetreefrog99 0.050649 1.000000 29.544189 198.792633 179.200516
procVietnameseMossy875 0.070567 30.325584 54.660782 224.000000 221.579239
procVietnameseMossy973 0.009182 1.000000 24.972702 194.361023 224.000000
RedCrownedToadlet109 0.010477 1.000000 17.268646 194.856049 210.889664
RedCrownedToadlet406 0.008970 1.000000 66.661423 193.842682 210.008804
RedCrownedToadlet588 0.007137 21.770996 10.978050 182.651428 190.120483
RedCrownedToadlet631 0.010596 60.699562 44.199364 220.083588 181.741699
RedCrownedToadlet710 0.005794 115.966461 25.498291 199.698395 157.215866
RedCrownedToadlet937 0.010134 13.643295 8.255058 165.507553 211.253662
RedEyed115 0.009033 1.000000 35.992851 217.192139 146.204376
RedEyed293 0.006070 61.782799 31.353218 200.767639 185.169983
RedEyed344 0.036233 96.758362 49.121498 183.853729 106.374382
RedEyed344 0.005916 8.661827 85.184181 129.210388 134.299271
RedEyed400 0.039284 4.642662 26.372505 165.110107 158.427307
RedEyed442 0.029904 24.418083 68.681564 219.899384 195.901566
RedEyed491 0.038445 10.833321 63.259026 188.645294 204.997528
RedEyed497 0.039240 1.000000 9.067780 195.531433 206.162476
RedEyed503 0.007901 68.434479 53.343712 177.433884 200.300476
RedEyed509 0.019736 1.000000 25.900047 200.681183 194.032928
RedEyed561 0.820767 68.835693 65.650887 150.504181 155.318787
RedEyed583 0.005247 39.156654 46.181389 181.520172 177.528931
RedEyed595 0.019746 9.197010 99.241127 114.670883 149.344299
RedEyed595 0.009693 81.074829 68.663727 153.812683 116.522873
RedEyed637 0.023699 1.000000 49.930561 217.496002 176.177048
RedEyed651 0.012132 60.364433 36.859436 175.078522 121.462082
RedEyed652 0.011385 1.000000 74.565704 191.089142 214.497803
RedEyed706 0.008495 37.800713 37.180046 166.886017 154.729858
RedEyed718 0.013083 108.988678 101.685822 220.810181 178.992798
RedEyed737 0.007052 26.272339 39.884789 207.535019 159.128021
RedEyed772 0.199847 26.904549 5.664612 201.505402 164.745880
RedEyed803 0.017486 51.571404 42.871319 215.354980 145.382690
RedEyed804 0.016653 157.011169 148.845459 220.324066 212.681305
RedEyed808 0.017376 1.000000 9.117294 200.150406 219.494171
RedEyed85 0.009127 1.000000 20.388618 191.997467 161.265472
RedEyed935 0.007370 26.298203 26.614052 205.051834 156.663849
RedEyed944 0.027222 128.480804 1.000000 216.374420 182.751068
RedEyed990 0.046243 1.259789 1.000000 215.140717 190.570251
RedEyed994 0.007627 52.901680 53.176025 192.733978 212.372437
VietnameseMossy10 0.010138 89.341972 4.089882 206.313843 200.161438
VietnameseMossy137 0.009747 37.953125 12.213280 199.646179 147.093079
VietnameseMossy14 0.011294 1.000000 49.677505 190.144470 174.075623
VietnameseMossy149 0.015591 33.171700 40.118080 218.409180 182.280548
VietnameseMossy161 0.027019 32.726463 36.157433 200.309143 192.129852
VietnameseMossy169 0.010973 77.766174 71.440170 217.378387 204.762466
VietnameseMossy176 0.007056 41.047470 1.000000 221.123215 194.813995
VietnameseMossy239 0.012138 1.650482 42.098980 217.592194 158.722992
VietnameseMossy240 0.018096 1.000000 15.977158 190.067993 215.777344
VietnameseMossy489 0.012211 12.936981 55.105339 204.165741 211.295959
VietnameseMossy568 0.024231 11.327782 8.011055 166.724609 222.385620
VietnameseMossy600 0.005077 10.828728 58.973633 214.792236 210.986481
VietnameseMossy648 0.007832 34.536362 62.132736 185.168930 201.232132
VietnameseMossy676 0.043649 1.000000 16.484459 211.776871 161.510651
VietnameseMossy790 0.005337 50.085732 59.955070 184.195221 204.716919
VietnameseMossy842 0.007317 146.947632 16.426926 215.872650 197.679779
VietnameseMossy9 0.006370 36.795212 43.917572 224.000000 200.124527
