1065 0.013945 39.395180 34.718719 205.718811 224.000000
1076 0.012531 67.034653 8.414330 205.754990 214.776001
113 0.015325 47.871559 1.000000 190.318756 189.589813
1186 0.068429 19.792435 24.040466 197.679260 217.328644
1249 0.016458 24.854851 21.850998 172.569214 222.257263
1263 0.019280 1.000000 34.389534 194.958054 178.060577
1340 0.006343 59.855110 37.906586 206.299377 224.000000
1349 0.005272 37.408760 14.962433 221.702698 153.757446
1369 0.013009 38.250198 55.300522 180.286591 204.945999
1380 0.014654 18.760307 51.061943 173.345825 209.817322
1457 0.005396 9.568619 41.737488 177.314377 224.000000
1459 0.034805 54.252693 4.854721 201.957642 222.764603
1460 0.006957 46.523926 45.229004 203.472076 221.270050
147 0.006470 22.098854 31.174591 180.348083 214.045715
1497 0.018673 54.324165 49.091202 200.049927 216.284286
1499 0.013315 16.995148 42.765465 174.115265 174.596649
1504 0.049615 45.921494 5.888512 201.487839 180.692047
1530 0.005429 7.389816 41.559952 184.189529 169.205170
1552 0.009619 23.515366 52.488174 204.316299 163.926010
1566 0.006808 45.393219 19.976486 185.182312 168.232468
1586 0.005951 5.881844 26.156631 184.002869 160.512634
1594 0.011003 64.435883 41.323486 167.963089 180.534912
1610 0.015655 13.380455 3.195206 171.065063 187.586975
1653 0.012956 1.000000 15.341019 132.134766 188.880173
173 0.008349 1.000000 34.279716 204.283157 180.051392
1744 0.005268 56.794403 40.138092 189.403091 182.874847
1823 0.029963 98.771309 1.000000 224.000000 224.000000
1881 0.012173 33.549034 31.661568 224.000000 212.271179
1919 0.014507 42.338577 8.459518 202.434967 180.675827
2004 0.046712 30.357712 29.392525 224.000000 184.615814
2086 0.028523 48.111588 2.747246 214.443466 149.407959
210 0.006671 1.000000 37.398369 197.728943 165.613922
2135 0.018601 37.443291 22.837738 223.643311 212.957672
225 0.009266 15.756172 59.432030 175.463593 159.325775
226 0.008452 55.917633 24.457581 179.106689 224.000000
268 0.073708 1.000000 1.000000 130.470520 124.402847
278 0.020529 22.450436 27.213394 144.253311 192.797806
31 0.075639 41.301590 1.000000 179.824066 156.216766
382 0.006015 45.324936 57.202873 182.979050 204.515717
467 0.008316 67.072487 47.561401 206.145752 215.164978
516 0.006518 20.420280 23.040634 157.318024 224.000000
521 0.010176 1.000000 1.000000 133.838470 224.000000
556 0.014350 19.284355 81.097977 224.000000 172.707626
594 0.027910 1.000000 72.207214 203.823074 150.235336
682 0.008216 34.938034 17.902466 144.625351 213.061462
693 0.584602 1.000000 67.775108 186.102676 218.892853
723 0.005595 81.623947 57.693138 200.322464 156.365173
763 0.172740 5.684326 20.533936 202.000076 224.000000
818 0.005604 55.244301 33.759232 223.588104 224.000000
849 0.009405 46.658890 6.576546 208.126144 180.542908
860 0.010589 9.170082 22.888771 180.321259 175.279907
926 0.005635 1.000000 2.954651 195.040527 224.000000
972 0.023849 19.907555 18.683479 202.554993 224.000000
BluePoisonDartFrog1004 0.015004 58.436760 3.128242 203.799194 187.108551
BluePoisonDartFrog1036 0.007597 54.485580 32.281784 177.139465 171.794785
BluePoisonDartFrog1158 0.010333 33.191833 34.570145 204.599976 167.617371
BluePoisonDartFrog1208 0.014117 57.915771 35.526623 183.145020 154.018906
BluePoisonDartFrog1222 0.009434 53.728474 27.143181 178.780380 180.376770
BluePoisonDartFrog1278 0.009132 44.565964 67.122589 186.421356 194.539215
BluePoisonDartFrog1279 0.011263 62.675369 71.586365 197.501266 161.159790
BluePoisonDartFrog1293 0.008328 6.786057 55.779617 153.096878 192.014816
BluePoisonDartFrog1392 0.011584 34.336975 31.249962 224.000000 183.670929
BluePoisonDartFrog1409 0.019570 17.387527 62.517288 169.359573 219.726944
BluePoisonDartFrog141 0.006560 13.001740 25.470009 171.835648 217.308868
BluePoisonDartFrog17 0.034340 28.625526 16.484932 224.000000 221.516357
BluePoisonDartFrog215 0.024943 59.692173 66.284698 169.925613 181.473938
BluePoisonDartFrog260 0.008034 104.950066 28.610855 221.500427 224.000000
BluePoisonDartFrog270 0.024300 28.665520 39.286400 187.938538 190.063995
BluePoisonDartFrog299 0.007964 36.537460 1.000000 162.731537 214.299454
BluePoisonDartFrog301 0.010750 86.526459 41.919106 206.773285 178.128693
BluePoisonDartFrog312 0.005847 75.170876 72.317459 208.299591 224.000000
BluePoisonDartFrog378 0.005930 24.073875 8.948563 195.555389 205.058228
BluePoisonDartFrog387 0.010814 18.006363 27.807503 224.000000 173.697876
BluePoisonDartFrog414 0.011005 46.682808 28.649033 186.126648 183.338379
BluePoisonDartFrog426 0.006570 32.757393 31.241257 172.755127 157.537430
BluePoisonDartFrog456 0.007294 59.777466 45.796806 201.847961 218.077484
BluePoisonDartFrog466 0.006035 74.687073 63.701385 187.974304 181.601028
BluePoisonDartFrog568 0.017157 46.584656 47.147575 187.438995 191.464020
BluePoisonDartFrog569 0.009807 63.228325 45.955261 200.457336 184.964264
BluePoisonDartFrog586 0.011778 87.383499 53.425873 208.050278 190.982727
BluePoisonDartFrog644 0.008363 58.497463 73.736732 177.788483 199.792572
BluePoisonDartFrog653 0.006244 33.044838 31.917511 197.973663 172.387894
BluePoisonDartFrog665 0.006246 46.853043 40.125603 187.348404 188.690735
BluePoisonDartFrog666 0.009872 84.695465 14.145359 157.723541 141.902252
BluePoisonDartFrog714 0.010757 50.413391 77.095329 180.827347 196.214935
BluePoisonDartFrog722 0.005817 22.095646 17.330254 115.110336 201.760834
BluePoisonDartFrog75 0.006138 13.056396 60.576920 155.809494 213.966415
BluePoisonDartFrog76 0.013248 14.001434 10.759090 218.874908 88.969742
BluePoisonDartFrog778 0.005966 61.661217 43.586693 200.846497 185.207886
BluePoisonDartFrog782 0.006662 24.076447 29.794281 224.000000 224.000000
BluePoisonDartFrog910 0.010740 55.359810 45.211006 181.060333 168.177490
BluePoisonDartFrog927 0.007986 80.677231 21.061729 212.576981 150.738068
BluePoisonDartFrog939 0.009383 1.000000 1.000000 192.672012 202.357452
BluePoisonDartFrog94 0.021965 62.093803 57.177567 212.498566 210.840775
BluePoisonDartFrog97 0.009228 5.028625 24.604088 210.838684 224.000000
CaneToad1,036 0.008400 20.970123 36.111778 224.000000 224.000000
CaneToad1,239 0.006664 4.886200 3.968765 160.581543 220.132858
CaneToad1,241 0.063936 23.547821 1.487946 224.000000 210.814972
CaneToad1,378 0.005865 64.212410 66.884117 196.033081 224.000000
CaneToad1,379 0.010083 67.015205 1.000000 194.650482 219.223297
CaneToad1,465 0.009193 1.000000 26.645561 206.021347 194.014587
CaneToad1,484 0.005773 1.000000 1.571968 83.809341 205.002808
CaneToad1,525 0.016143 41.539413 26.641411 181.286316 181.899384
CaneToad1,579 0.005912 1.000000 36.726303 196.620514 176.863403
CaneToad1,862 0.008372 32.323006 60.987396 189.663330 201.236450
CaneToad2,120 0.007541 73.178650 1.000000 196.206726 224.000000
CaneToad2,124 0.008337 11.347702 5.279449 172.318069 164.858582
corroboreefrog1012 0.016462 10.801208 10.937088 179.011185 201.324844
corroboreefrog1023 0.009543 33.498360 21.728233 224.000000 184.916351
corroboreefrog1029 0.007368 30.643318 47.432907 183.513550 213.703690
corroboreefrog1076 0.010415 29.461365 63.374474 215.432556 197.149475
corroboreefrog1151 0.009306 55.133163 4.481743 198.312881 186.177155
corroboreefrog1295 0.007081 14.745728 1.000000 169.390503 190.153854
corroboreefrog1367 0.008319 88.378136 10.495041 224.000000 191.101395
corroboreefrog1549 0.009429 6.595467 56.866524 180.786621 218.874634
corroboreefrog1681 0.006455 25.259483 42.487206 173.241882 221.951294
corroboreefrog349 0.009403 42.375290 51.669601 224.000000 209.903976
corroboreefrog44 0.008842 18.876076 16.928429 171.658112 201.314270
corroboreefrog775 0.005022 1.000000 2.297142 129.096649 212.335938
corroboreefrog838 0.005866 4.295746 98.289337 181.220062 224.000000
corroboreefrog864 0.007128 9.612076 13.764145 175.045471 201.143127
corroboreefrog915 0.005535 57.766434 1.000000 206.470078 194.982544
corroboreefrog947 0.010143 68.030411 51.526306 213.208878 212.677521
GBF123 0.006834 1.000000 25.027290 193.510315 224.000000
GBF192 0.013116 1.000000 1.000000 207.978271 224.000000
GBF227 0.037000 66.101822 93.580757 219.050735 224.000000
GBF324 0.014423 18.159935 12.704010 215.605377 224.000000
GBF348 0.011121 35.587715 63.382401 224.000000 200.128983
GBF453 0.007238 57.120193 37.393562 166.957077 201.108459
GBF755 0.012226 43.031303 35.236732 216.887054 167.641388
GBF897 0.017824 24.475998 34.454956 224.000000 224.000000
GBF935 0.038879 62.134361 1.000000 151.414551 138.161850
GGBF107 0.005954 1.000000 77.113686 224.000000 182.885895
GGBF122 0.007389 70.255692 67.826950 161.758301 144.404694
GGBF155 0.005903 35.130211 57.370407 224.000000 208.258347
GGBF16 0.009347 7.897911 40.817104 214.125916 165.816132
GGBF277 0.009696 65.865448 34.660843 187.925201 166.896088
GGBF340 0.007093 51.275749 40.479500 218.554474 219.130524
GGBF361 0.008155 26.899216 42.040184 184.466568 218.192871
GGBF429 0.049844 47.920475 46.928528 162.562836 194.260345
GGBF436 0.005426 44.122665 58.014931 180.800980 186.956848
GGBF440 0.029059 70.254929 6.067459 159.277603 180.502975
GGBF464 0.053009 1.000000 1.000000 222.402039 224.000000
GGBF493 0.049237 21.890297 47.244942 170.067413 181.044525
GGBF525 0.005832 21.716492 86.756119 202.157959 182.492538
GGBF537 0.010222 61.899017 115.617386 122.744598 182.772446
GGBF543 0.077880 118.888496 83.407852 191.503326 218.309860
GGBF56 0.013568 46.189934 39.402054 177.724121 172.142593
GGBF633 0.010684 3.755119 16.276451 156.191437 185.816376
GGBF713 0.060355 45.482895 47.477631 178.222717 171.781494
GGBF743 0.006703 40.322723 7.459229 222.651123 219.718658
GGBF744 0.007086 5.941521 11.425156 138.650879 102.381851
GGBF747 0.014847 32.970860 18.129707 156.904526 161.473267
GGBF800 0.005320 46.184547 66.990753 178.437134 204.847504
GGBF810 0.017960 49.681908 6.117935 214.474396 180.079208
GGBF849 0.012005 82.307709 81.063019 151.965881 136.199203
GGBF849 0.151899 15.558266 4.201511 156.312805 108.267181
GGBF874 0.013527 66.596756 12.383087 166.497803 209.755676
GGBF884 0.011480 1.000000 1.000000 224.000000 224.000000
GGBF901 0.085526 62.264442 42.137230 224.000000 222.253815
GGBF935 0.109604 41.843826 9.721626 220.637833 224.000000
GGBF940 0.010461 6.109291 1.000000 137.233734 193.163925
GoldenPoisonDartFrog1004 0.008322 96.219643 9.871346 183.326294 192.664612
GoldenPoisonDartFrog1004 0.005234 58.172466 34.333656 118.216125 211.323975
GoldenPoisonDartFrog1035 0.005471 46.578308 48.008522 186.101974 159.554535
GoldenPoisonDartFrog1055 0.013339 3.297379 41.624695 90.679962 192.975586
GoldenPoisonDartFrog1055 0.020447 127.848450 3.342888 220.646301 154.337463
GoldenPoisonDartFrog1065 0.006443 72.501518 29.082809 197.372009 201.510696
GoldenPoisonDartFrog1072 0.005054 128.244720 28.595474 220.086090 162.064850
GoldenPoisonDartFrog1195 0.009200 46.052994 52.073555 191.803787 168.153656
GoldenPoisonDartFrog1206 0.032993 54.292049 36.848572 121.070740 202.718277
GoldenPoisonDartFrog1206 0.005323 86.229591 4.396034 194.226715 171.503387
GoldenPoisonDartFrog147 0.005049 82.383118 31.708580 187.056732 192.293335
GoldenPoisonDartFrog15 0.008826 106.322678 35.722687 218.222641 201.435562
GoldenPoisonDartFrog155 0.006005 49.824104 17.240211 171.029999 189.204163
GoldenPoisonDartFrog16 0.033247 25.620522 42.867577 166.627472 169.424347
GoldenPoisonDartFrog178 0.007144 38.404343 17.406113 171.230331 183.139114
GoldenPoisonDartFrog180 0.008268 2.374329 82.206276 157.776062 163.328430
GoldenPoisonDartFrog223 0.039044 84.838516 47.689247 207.883102 191.759064
GoldenPoisonDartFrog252 0.067775 35.533150 78.886322 147.241943 190.968933
GoldenPoisonDartFrog256 0.016807 47.747154 28.272606 174.678558 162.375214
GoldenPoisonDartFrog272 0.005784 68.139282 26.924664 210.835358 148.560272
GoldenPoisonDartFrog345 0.006010 60.266712 28.894005 168.750778 201.894836
GoldenPoisonDartFrog364 0.006471 13.026871 1.000000 200.872284 198.070160
GoldenPoisonDartFrog369 0.007160 56.835701 49.514084 197.205566 221.580551
GoldenPoisonDartFrog387 0.011292 39.883774 36.715500 177.059586 153.722290
GoldenPoisonDartFrog398 0.014381 117.279564 30.429848 193.003052 223.268585
GoldenPoisonDartFrog398 0.032369 48.333176 16.059586 124.360245 172.891388
GoldenPoisonDartFrog442 0.005205 27.174141 21.255608 163.325562 191.110565
GoldenPoisonDartFrog496 0.010105 8.254272 54.446522 191.375931 145.557968
GoldenPoisonDartFrog538 0.005740 45.182827 45.729057 153.886780 189.773315
GoldenPoisonDartFrog582 0.010023 50.976669 19.794296 194.257339 182.162521
GoldenPoisonDartFrog592 0.301395 46.195580 65.259933 222.497559 186.811844
GoldenPoisonDartFrog600 0.013688 38.906830 30.528221 113.511917 188.598480
GoldenPoisonDartFrog648 0.007044 56.599289 72.495308 155.983475 188.755463
GoldenPoisonDartFrog651 0.018798 1.000000 80.669113 96.788849 216.484818
GoldenPoisonDartFrog651 0.008031 129.044052 26.634766 219.251114 189.982590
GoldenPoisonDartFrog693 0.005039 92.271210 19.436150 207.189911 224.000000
GoldenPoisonDartFrog698 0.040646 32.508347 29.715652 195.334290 145.496216
GoldenPoisonDartFrog743 0.011020 152.650314 46.749329 217.340683 175.478714
GoldenPoisonDartFrog772 0.005090 50.914070 39.702927 202.762665 146.327179
GoldenPoisonDartFrog801 0.005992 51.005142 56.198669 214.265640 182.129150
GoldenPoisonDartFrog802 0.017234 26.308464 18.515640 116.271156 201.008209
GoldenPoisonDartFrog802 0.006056 112.136513 27.151199 167.058441 189.988342
GoldenPoisonDartFrog810 0.015193 111.802940 1.000000 213.586182 224.000000
GoldenPoisonDartFrog823 0.043840 93.178070 15.782059 203.938873 210.713821
GoldenPoisonDartFrog861 0.006316 49.234085 66.679817 196.626480 177.603943
GoldenPoisonDartFrog885 0.008899 6.255096 48.947075 150.221497 211.508301
GoldenPoisonDartFrog891 0.012235 98.997940 43.688797 194.682327 197.803864
GoldenPoisonDartFrog917 0.017676 84.186668 88.166725 134.467972 175.574615
GoldenPoisonDartFrog950 0.008915 16.302719 63.903214 138.746719 132.206116
GoldenPoisonDartFrog979 0.006829 1.627636 44.082432 117.869186 161.417084
GoldenPoisonDartFrog999 0.011203 79.362427 52.071770 152.756439 181.153839
GoldenPoisonDartFrog999 0.007267 101.961273 78.136787 145.987579 172.770844
greetreefrog1008 0.999982 45.410240 36.589684 174.255737 185.343109
greetreefrog1028 0.994720 108.322098 54.968327 186.641068 142.890640
greetreefrog1041 0.999800 70.376266 14.501617 161.087967 184.709549
greetreefrog1085 0.999812 19.797386 23.496132 193.690887 192.660248
greetreefrog1087 0.999293 22.113220 11.101166 212.698883 219.931580
greetreefrog1098 0.998370 35.174011 10.244781 185.087936 193.990555
greetreefrog1119 0.999882 83.438400 39.783989 178.286301 164.875366
greetreefrog1126 0.999983 19.766430 66.442436 135.462280 201.274292
greetreefrog1154 0.999930 30.396271 23.248863 205.626129 204.690887
greetreefrog1155 0.999233 23.419617 25.010925 200.025131 214.282806
greetreefrog116 0.898274 36.468315 15.677711 223.710449 224.000000
greetreefrog117 0.999614 23.866081 16.289978 209.359039 199.491852
greetreefrog1180 0.999496 13.422836 7.744186 198.740936 207.008698
greetreefrog1189 0.999792 1.000000 1.490044 215.459641 181.039032
greetreefrog1210 0.999853 71.333344 46.478630 167.215576 206.978516
greetreefrog1215 0.999662 79.535179 4.978828 183.923645 181.097260
greetreefrog1243 0.999354 4.647949 2.759575 196.043472 212.256958
greetreefrog1269 0.999942 70.630081 37.654152 161.619522 210.658569
greetreefrog1275 0.999470 6.245255 43.253666 200.583389 147.194351
greetreefrog1283 0.999861 37.689743 7.501358 142.522934 180.354340
greetreefrog1284 0.999938 16.936058 38.334541 185.278870 148.077728
greetreefrog1287 0.999946 99.426758 8.517948 210.436646 130.343719
greetreefrog1290 0.998808 1.000000 103.886292 121.861923 211.213593
greetreefrog1295 0.999546 1.000000 7.966892 139.600891 134.980392
greetreefrog1295 0.009305 1.000000 17.045296 165.146698 211.704163
greetreefrog13 0.978521 32.966980 15.966309 211.126221 163.015823
greetreefrog1304 0.999932 13.958359 1.000000 191.425919 207.369781
greetreefrog131 0.999714 2.271309 23.448044 208.995667 199.949875
greetreefrog1311 0.999500 44.488831 33.002335 200.969955 175.671158
greetreefrog1314 0.999453 22.580925 35.037430 188.931274 199.758362
greetreefrog1318 0.999972 10.003273 31.867424 206.857605 193.976898
greetreefrog1326 0.999917 25.545891 1.000000 200.305908 224.000000
greetreefrog1337 0.998644 8.465111 19.842049 208.395172 191.850311
greetreefrog1357 0.912419 13.760704 93.173615 154.203766 129.499084
greetreefrog1363 0.999501 91.876366 75.353012 154.086426 224.000000
greetreefrog1389 0.999889 38.267761 57.991158 197.138138 191.573029
greetreefrog1393 0.999661 34.274895 41.751587 183.741577 210.660522
greetreefrog1406 0.999107 41.202469 2.677315 222.501205 197.825623
greetreefrog1427 0.952764 20.871826 23.713928 214.723770 201.495193
greetreefrog1434 0.999435 26.144646 17.238930 196.680481 189.551880
greetreefrog1454 0.999970 21.950615 3.214729 183.644958 221.447968
greetreefrog1471 0.994593 26.828651 18.595100 158.324371 137.289276
greetreefrog1490 0.999916 40.705166 60.503899 127.497437 223.177490
greetreefrog1514 0.999987 93.268463 12.232536 173.127197 224.000000
greetreefrog1515 0.999196 1.000000 79.563675 224.000000 171.243652
greetreefrog1524 0.998704 1.000000 5.159500 215.515579 208.652634
greetreefrog153 0.874884 25.296967 37.505608 99.286736 96.443092
greetreefrog1593 0.986842 94.945885 154.059387 169.465973 206.075531
greetreefrog1593 0.914606 5.446667 93.518639 83.101547 140.772354
greetreefrog1593 0.335532 76.358673 97.928856 160.581665 152.760986
greetreefrog1612 0.999881 51.751472 83.420815 151.246429 152.456757
greetreefrog1616 0.999014 72.970467 66.478592 164.851318 133.863144
greetreefrog1616 0.374940 61.910454 36.326168 197.342957 152.810165
greetreefrog1617 0.999908 16.835258 58.086544 220.505219 143.261353
greetreefrog1632 0.999793 23.068085 28.959679 180.443924 186.189636
greetreefrog1645 0.999743 60.251396 39.631134 158.489838 193.702179
greetreefrog1682 0.998784 26.955200 21.042625 195.660095 224.000000
greetreefrog1694 0.999791 1.000000 91.948807 205.921906 184.604355
greetreefrog1706 0.754181 7.933083 46.031013 200.935303 127.323494
greetreefrog1706 0.575305 1.000000 35.126663 216.997177 224.000000
greetreefrog172 0.998927 10.657158 54.811943 211.529449 177.547913
greetreefrog1721 0.998124 30.571533 32.880646 196.092911 204.549225
greetreefrog1751 0.953578 110.312485 61.959976 188.552383 126.986435
greetreefrog1751 0.016344 95.090691 44.500084 214.211487 143.139740
greetreefrog1779 0.999422 29.884926 22.966331 196.766693 159.998047
greetreefrog1780 0.999902 50.379082 26.546295 199.788269 188.804382
greetreefrog1782 0.999811 43.962799 32.590576 200.934143 210.203125
greetreefrog1803 0.997511 64.015717 26.108047 221.364136 204.910019
greetreefrog1805 0.995402 6.167984 18.599159 164.605774 204.021057
greetreefrog1809 0.929820 1.000000 19.560120 219.409210 204.254547
greetreefrog1809 0.102484 35.876961 75.106529 203.066376 168.607239
greetreefrog1827 0.994700 10.333305 25.865997 209.403381 197.242279
greetreefrog1868 0.999308 8.983307 1.000000 209.713486 193.436523
greetreefrog1871 0.997958 8.340904 1.000000 219.477661 193.262009
greetreefrog1884 0.997192 17.550346 16.032654 161.664429 217.264130
greetreefrog1917 0.998064 6.826210 2.186508 215.606934 185.678391
greetreefrog1919 0.997808 18.472687 45.462143 207.854691 189.730759
greetreefrog1920 0.998809 15.058517 11.124069 190.109390 210.091476
greetreefrog1923 0.998071 16.752968 3.262566 214.827179 206.581879
greetreefrog1967 0.982736 42.719559 29.024109 194.880630 169.268509
greetreefrog210 0.998956 65.585953 33.178696 173.949341 211.668381
greetreefrog224 0.998315 54.768261 70.304558 182.758759 161.508484
greetreefrog245 0.999981 55.668411 37.981804 207.554001 161.476532
greetreefrog266 0.999900 7.480400 18.218552 207.174835 220.862595
greetreefrog302 0.984435 56.037300 71.531509 184.949799 194.507858
greetreefrog308 0.999555 27.032055 105.518738 98.229965 174.929382
greetreefrog314 0.999913 6.309578 19.950119 209.681427 212.992783
greetreefrog316 0.999766 55.662239 19.727402 219.111176 213.304855
greetreefrog351 0.999996 126.228775 9.831871 209.841019 176.014099
greetreefrog351 0.011940 93.545822 1.000000 220.100479 224.000000
greetreefrog397 0.999517 21.556458 10.663712 214.471786 219.949203
greetreefrog4 0.999523 10.920990 64.662025 213.790405 212.050842
greetreefrog402 0.999871 28.868225 22.138138 204.590424 205.847061
greetreefrog46 0.840831 42.814110 60.388367 181.144684 201.862793
greetreefrog473 0.988935 59.146400 1.000000 210.130249 181.122910
greetreefrog496 0.998756 43.413803 33.378769 204.461807 167.291397
greetreefrog499 0.999907 42.910683 17.329479 175.682465 118.734100
greetreefrog500 0.999945 110.104980 39.437904 203.485748 192.493561
greetreefrog502 0.999910 112.301880 48.299080 213.737000 219.911041
greetreefrog503 0.999962 12.797741 7.818771 112.940826 193.551559
greetreefrog506 0.998219 51.422897 111.416847 201.112579 222.140259
greetreefrog516 0.999709 77.670654 21.137360 224.000000 224.000000
greetreefrog533 0.999931 27.964111 1.000000 174.531784 215.465271
greetreefrog555 0.997364 16.710320 43.213875 203.049835 200.182648
greetreefrog579 0.999832 24.612297 34.818336 210.613434 142.932465
greetreefrog581 0.999870 38.428341 34.528435 147.156876 197.358948
greetreefrog593 0.999942 3.250473 13.572487 150.572037 141.266388
greetreefrog609 0.999747 9.038681 25.373520 195.307510 208.187271
greetreefrog62 0.999982 16.364647 50.080093 136.051117 201.184219
greetreefrog620 0.999926 28.557312 56.076462 176.568878 191.798965
greetreefrog630 0.999852 97.851387 55.147789 197.602966 195.074066
greetreefrog644 0.999468 5.525131 11.236839 196.953537 219.915039
greetreefrog646 0.995437 28.197716 1.348465 213.018646 202.062820
greetreefrog653 0.998328 22.828674 4.650055 222.808685 199.721573
greetreefrog654 0.999636 11.690628 19.884933 193.481720 224.000000
greetreefrog656 0.996305 37.157486 1.000000 224.000000 189.775513
greetreefrog671 0.999740 73.430054 67.906799 175.783356 153.328827
greetreefrog689 0.999954 19.059738 5.367386 205.797852 219.394119
greetreefrog698 0.999269 25.173759 36.959320 205.162720 183.973495
greetreefrog709 0.999773 17.737274 30.613075 190.659012 218.311523
greetreefrog710 0.999610 8.073097 31.688705 173.494446 207.998611
greetreefrog721 0.998247 58.716225 22.613335 215.467224 198.293854
greetreefrog727 0.999975 42.515797 8.256611 158.329865 119.204651
greetreefrog736 0.999962 40.925819 5.975830 177.460327 117.888039
greetreefrog755 0.999973 18.310623 1.000000 207.403244 224.000000
greetreefrog757 0.999102 13.324661 13.798683 215.624542 200.101959
greetreefrog770 0.999829 39.419243 33.706734 193.015808 187.220673
greetreefrog774 0.999684 22.582069 19.878632 189.561340 195.908447
greetreefrog785 0.999960 33.118797 17.377708 175.691467 171.276794
greetreefrog79 0.999887 35.688568 51.060448 147.400269 186.093689
greetreefrog797 0.999135 57.271011 86.057800 183.082779 183.375336
greetreefrog797 0.010432 28.565239 49.213371 214.099670 170.365417
greetreefrog798 0.999547 78.474953 43.941910 186.495392 175.138687
greetreefrog802 0.994859 65.504318 59.799194 202.227219 217.055511
greetreefrog820 0.999969 42.496498 8.118729 199.903839 200.568253
greetreefrog842 0.999560 11.046432 42.739174 220.479752 188.379944
greetreefrog846 0.999856 39.713562 4.858658 189.926514 224.000000
greetreefrog868 0.998633 29.389572 18.694870 195.102982 195.047989
greetreefrog876 0.697372 28.229988 16.424942 224.000000 214.818039
greetreefrog901 0.999292 39.347431 47.866112 165.712692 174.071198
greetreefrog907 0.998711 62.567665 15.547379 173.102448 187.368301
greetreefrog926 0.998702 16.565224 11.046944 214.997589 208.949524
greetreefrog930 0.999964 34.296097 38.959320 182.698593 195.948700
greetreefrog944 0.999986 10.378891 22.407425 214.667404 207.463455
greetreefrog962 0.999982 11.666252 34.653130 157.041077 169.063721
greetreefrog964 0.999963 63.859726 75.094208 197.665573 201.991486
greetreefrog969 0.987069 45.969662 59.894661 169.612793 172.391327
greetreefrog99 0.995687 25.637733 31.371597 208.873627 173.695877
procVietnameseMossy875 0.008521 30.325584 54.660782 224.000000 221.579239
RedCrownedToadlet461 0.006236 1.000000 16.926521 171.867813 151.895325
RedCrownedToadlet588 0.026405 10.486992 24.404823 174.825958 174.686829
RedCrownedToadlet621 0.008481 1.000000 47.040039 196.291687 187.913177
RedEyed11 0.058842 95.977898 1.000000 224.000000 174.857635
RedEyed115 0.005883 1.000000 35.992851 217.192139 146.204376
RedEyed166 0.008697 4.508430 1.000000 154.242554 159.502548
RedEyed169 0.024347 80.730446 14.823456 182.253876 216.072632
RedEyed177 0.840088 1.000000 19.008095 206.989563 218.326355
RedEyed219 0.037988 101.935791 34.024353 221.800964 203.466278
RedEyed257 0.005823 35.659592 61.142281 176.252029 195.368378
RedEyed293 0.012163 61.782799 31.353218 200.767639 185.169983
RedEyed294 0.008708 47.971321 64.091797 181.017609 183.673462
RedEyed376 0.022869 51.283478 13.381256 149.704010 147.077850
RedEyed400 0.117314 50.216339 35.127174 178.318054 152.011688
RedEyed42 0.006942 40.906723 39.936989 178.215683 196.960480
RedEyed442 0.022650 48.296448 63.789040 222.802368 198.971008
RedEyed491 0.059478 32.254768 67.692276 165.314331 186.135178
RedEyed497 0.008204 1.000000 9.067780 195.531433 206.162476
RedEyed503 0.007671 59.983513 35.277664 175.797882 187.348984
RedEyed509 0.017621 1.169380 32.595634 211.510712 224.000000
RedEyed512 0.005299 72.584076 30.750549 189.542908 224.000000
RedEyed561 0.097058 59.719185 67.596565 170.339020 178.937988
RedEyed579 0.012756 84.434570 56.999779 161.805038 191.587128
RedEyed579 0.006312 92.466415 47.417130 154.789322 125.858536
RedEyed583 0.008947 57.807449 35.933563 176.252045 185.439697
RedEyed603 0.017066 60.151039 33.260849 146.435883 190.256271
RedEyed637 0.007746 20.331123 49.935295 203.392548 165.889984
RedEyed651 0.224790 55.926880 31.989868 175.963455 128.241791
RedEyed652 0.015336 33.334717 76.588776 201.833374 204.350616
RedEyed671 0.052016 94.883789 6.304024 198.549194 193.769257
RedEyed692 0.007985 3.443382 37.817429 153.486481 132.479599
RedEyed692 0.100127 14.153122 35.434669 206.609421 224.000000
RedEyed704 0.009727 7.592278 72.063019 149.941589 199.901276
RedEyed706 0.145834 37.800713 37.180046 166.886017 154.729858
RedEyed718 0.015440 108.988678 101.685822 220.810181 178.992798
RedEyed729 0.008756 20.898201 33.768425 163.892151 224.000000
RedEyed737 0.015684 36.351425 43.762112 224.000000 143.854645
RedEyed752 0.006673 58.572968 81.329994 173.990524 152.980438
RedEyed765 0.007142 75.943878 1.000000 220.304779 128.899384
RedEyed796 0.007918 44.775749 25.748505 188.606567 164.312088
RedEyed804 0.018071 157.011169 148.845459 220.324066 212.681305
RedEyed808 0.104712 1.000000 9.117294 200.150406 219.494171
RedEyed826 0.009555 39.649971 41.258385 191.038849 137.852875
RedEyed85 0.047463 1.000000 12.077614 192.516235 206.361328
RedEyed935 0.009576 16.222725 79.147598 201.332886 164.868652
RedEyed935 0.075240 8.260338 29.010956 217.652771 200.440186
RedEyed944 0.302998 122.636276 1.000000 221.643631 160.399658
RedEyed990 0.876599 1.000000 10.737999 199.214996 201.049744
RedEyed994 0.010075 65.150375 24.514465 174.931198 197.710892
VietnameseMossy14 0.008396 1.000000 49.677505 190.144470 174.075623
VietnameseMossy160 0.011721 71.847473 19.091484 224.000000 224.000000
VietnameseMossy176 0.008895 28.109055 1.000000 217.664001 193.728577
VietnameseMossy489 0.005731 12.936981 55.105339 204.165741 211.295959
VietnameseMossy648 0.007173 38.812973 63.163696 223.579178 200.265045
VietnameseMossy706 0.005301 11.737282 1.000000 224.000000 206.479538
VietnameseMossy9 0.008383 29.591026 52.741028 205.980682 215.053741
