1263 0.008628 1.000000 34.389534 194.958054 178.060577
1288 0.006064 15.373116 93.227173 195.119171 175.940277
1369 0.008833 52.900833 30.933655 167.774918 190.602951
2004 0.016686 30.357712 29.392525 224.000000 184.615814
31 0.010626 42.571266 29.223534 220.706360 183.047119
763 0.006688 5.684326 20.533936 202.000076 224.000000
BluePoisonDartFrog1004 0.007533 40.721001 28.557610 180.717621 186.914581
BluePoisonDartFrog1065 0.014054 1.000000 32.150841 192.873230 187.927948
BluePoisonDartFrog1081 0.039609 1.000000 17.969997 214.852997 76.218170
BluePoisonDartFrog1137 0.011880 13.855864 1.000000 76.627205 159.536682
BluePoisonDartFrog1158 0.012259 33.191833 34.570145 204.599976 167.617371
BluePoisonDartFrog1222 0.008972 27.035515 30.553963 160.316620 161.389069
BluePoisonDartFrog1247 0.043207 43.484932 1.000000 224.000000 150.411621
BluePoisonDartFrog1279 0.006532 58.783257 66.473038 202.015015 155.508743
BluePoisonDartFrog1286 0.005046 88.571396 70.499153 207.357834 199.299286
BluePoisonDartFrog1293 0.039394 6.786057 55.779617 153.096878 192.014816
BluePoisonDartFrog1392 0.007221 34.336975 31.249962 224.000000 183.670929
BluePoisonDartFrog1409 0.019203 24.770424 55.741982 198.007019 222.056824
BluePoisonDartFrog270 0.007219 30.233307 39.371819 189.002655 177.038269
BluePoisonDartFrog387 0.007296 1.000000 23.651169 191.352707 178.579300
BluePoisonDartFrog414 0.010173 60.198318 14.801285 200.539291 196.976395
BluePoisonDartFrog426 0.019313 13.047165 34.712479 189.940659 165.745132
BluePoisonDartFrog456 0.006706 59.777466 45.796806 201.847961 218.077484
BluePoisonDartFrog666 0.013425 63.375965 16.467453 160.700943 153.909576
BluePoisonDartFrog711 0.011980 1.000000 42.949127 156.587051 179.862503
BluePoisonDartFrog75 0.012866 10.206795 51.807014 193.190125 224.000000
BluePoisonDartFrog778 0.006283 57.843582 18.743279 180.552475 171.364441
BluePoisonDartFrog830 0.045366 1.000000 3.228285 224.000000 60.015518
BluePoisonDartFrog918 0.016466 73.225647 49.124512 165.474380 202.059021
corroboreefrog1076 0.013623 29.461365 63.374474 215.432556 197.149475
corroboreefrog1085 0.008650 54.806122 11.293427 151.556137 181.730896
corroboreefrog1101 0.006377 54.363380 7.747162 206.116455 194.698151
corroboreefrog1291 0.008897 53.920601 39.469559 207.887054 224.000000
corroboreefrog1295 0.007118 22.978989 34.280579 163.296677 184.528030
corroboreefrog1367 0.005883 88.378136 10.495041 224.000000 191.101395
corroboreefrog1549 0.009930 6.241463 58.911850 182.276184 207.254013
corroboreefrog1681 0.026567 25.259483 42.487206 173.241882 221.951294
corroboreefrog196 0.005465 50.708862 23.179237 213.525940 179.018158
corroboreefrog2 0.005018 33.786812 6.612854 180.674072 166.678009
corroboreefrog323 0.005631 52.066723 67.977249 176.237518 200.568008
corroboreefrog487 0.005073 46.623016 32.219734 213.874054 182.728729
corroboreefrog649 0.005396 36.921936 9.462112 224.000000 169.711868
corroboreefrog66 0.013295 44.823608 15.431908 179.162170 142.352539
corroboreefrog67 0.005504 39.800667 46.153038 181.063324 176.583160
corroboreefrog838 0.005764 4.295746 98.289337 181.220062 224.000000
corroboreefrog864 0.006995 11.477730 20.743896 178.278595 162.915787
GGBF155 0.005453 35.130211 57.370407 224.000000 208.258347
GGBF277 0.006126 81.172699 30.004219 199.892181 159.415924
GGBF440 0.025583 70.254929 6.067459 159.277603 180.502975
GGBF633 0.006755 3.755119 16.276451 156.191437 185.816376
GGBF713 0.008408 58.924202 45.178131 186.778961 162.118622
GGBF747 0.191233 38.798107 24.254120 163.053940 148.703964
GGBF824 0.021563 110.156998 20.546814 169.123886 194.914764
GGBF901 0.014181 62.264442 42.137230 224.000000 222.253815
GGBF940 0.011300 10.952621 35.907310 133.720169 195.381500
GoldenPoisonDartFrog1065 0.011483 60.790146 34.991043 194.204407 181.043381
GoldenPoisonDartFrog1106 0.005463 1.000000 10.747711 207.247253 173.358826
GoldenPoisonDartFrog178 0.011109 36.600616 13.474670 172.984665 170.573532
GoldenPoisonDartFrog180 0.011281 1.605354 91.670662 158.969086 168.536011
GoldenPoisonDartFrog250 0.009405 40.618073 27.242172 169.925446 189.480789
GoldenPoisonDartFrog369 0.015293 56.835701 49.514084 197.205566 221.580551
GoldenPoisonDartFrog398 0.006482 38.532516 25.072426 132.077866 166.440338
GoldenPoisonDartFrog398 0.005573 114.843201 46.876060 198.725403 191.725586
GoldenPoisonDartFrog442 0.006538 27.174141 21.255608 163.325562 191.110565
GoldenPoisonDartFrog582 0.006368 50.976669 19.794296 194.257339 182.162521
GoldenPoisonDartFrog600 0.005907 101.751923 36.230865 167.126343 167.621521
GoldenPoisonDartFrog615 0.014309 46.340233 13.714340 175.510254 192.398361
GoldenPoisonDartFrog620 0.006538 17.563740 12.345657 138.471649 207.629745
GoldenPoisonDartFrog698 0.025743 2.125244 37.746483 184.382385 159.803833
GoldenPoisonDartFrog772 0.009404 60.028465 42.637890 193.698242 158.917252
GoldenPoisonDartFrog787 0.006592 17.036835 37.519325 189.998383 171.236328
GoldenPoisonDartFrog917 0.011998 79.908295 80.574020 139.270264 172.281631
GoldenPoisonDartFrog989 0.010020 30.579681 55.767853 224.000000 208.945190
GoldenPoisonDartFrog999 0.024161 79.362427 52.071770 152.756439 181.153839
GoldenPoisonDartFrog999 0.006890 101.961273 78.136787 145.987579 172.770844
greetreefrog1008 0.010907 37.118942 39.894012 181.328857 180.477264
greetreefrog1154 0.022246 33.149712 28.846718 190.293945 190.894989
greetreefrog1155 0.006814 37.873695 38.831841 221.206909 198.096558
greetreefrog116 0.062659 21.279625 34.025436 214.646729 224.000000
greetreefrog117 0.005930 30.715111 20.865021 224.000000 194.079071
greetreefrog1180 0.005823 12.146683 31.983253 206.033066 224.000000
greetreefrog1275 0.005618 1.000000 38.984550 197.749756 162.675995
greetreefrog1283 0.118240 34.809898 1.000000 144.596069 174.705719
greetreefrog13 0.046306 46.037628 16.243866 204.637222 166.973709
greetreefrog1311 0.018602 47.848694 20.472855 215.429962 170.078140
greetreefrog1337 0.041607 1.000000 27.789192 201.077911 190.258545
greetreefrog1357 0.015408 18.429123 83.063469 152.639709 138.619781
greetreefrog1393 0.021142 40.434502 29.340553 150.716797 224.000000
greetreefrog1427 0.031563 32.429085 34.772621 224.000000 191.218445
greetreefrog1524 0.011318 1.000000 26.993828 224.000000 224.000000
greetreefrog1632 0.007796 46.806107 37.630600 181.453781 176.120865
greetreefrog1682 0.010850 40.480927 21.395035 220.764771 224.000000
greetreefrog1803 0.072538 76.507393 18.763023 206.546417 202.572662
greetreefrog1805 0.171484 6.424858 27.754295 152.050415 189.048035
greetreefrog1827 0.007014 1.000000 32.124405 198.233612 190.135574
greetreefrog1917 0.006716 28.951347 33.384438 224.000000 179.849060
greetreefrog1919 0.016176 12.284904 43.051888 202.996979 176.689270
greetreefrog1920 0.011791 9.809753 25.592285 177.645691 187.286163
greetreefrog1923 0.008176 34.676308 6.175926 224.000000 202.781494
greetreefrog1967 0.502376 32.368973 18.096710 190.488770 165.854034
greetreefrog210 0.007171 36.390305 32.115082 184.604355 186.406082
greetreefrog302 0.072089 60.584663 70.847168 199.720490 182.255112
greetreefrog402 0.048536 44.101555 21.027542 195.989105 188.817825
greetreefrog46 0.059183 65.981628 59.586632 194.372314 205.165344
greetreefrog473 0.013128 30.790268 14.647041 206.724518 168.756317
greetreefrog506 0.074815 51.744591 104.919884 211.657013 224.000000
greetreefrog581 0.005096 30.691803 28.579712 169.977585 224.000000
greetreefrog62 0.011475 2.870373 55.384850 125.487366 194.335510
greetreefrog653 0.008188 40.874512 22.396172 224.000000 196.695770
greetreefrog656 0.006249 21.831299 4.069824 218.006317 177.858521
greetreefrog710 0.014529 1.554131 32.854721 183.869385 189.444229
greetreefrog721 0.011733 77.424759 3.225311 198.780106 188.210617
greetreefrog774 0.007133 21.952087 22.127205 192.529236 191.921967
greetreefrog842 0.005549 13.723274 51.225937 220.812042 208.300949
greetreefrog846 0.005683 59.371361 16.355545 202.212769 224.000000
greetreefrog868 0.026463 55.902977 16.858894 205.752136 199.938263
greetreefrog876 0.032043 32.333832 32.170555 224.000000 224.000000
greetreefrog901 0.013492 33.914223 59.031212 156.041260 173.651276
greetreefrog907 0.025744 56.447685 16.082809 205.434174 190.064774
greetreefrog930 0.005796 24.592209 45.112160 193.805222 217.355042
greetreefrog969 0.464091 38.540623 50.496952 152.187302 168.612167
greetreefrog99 0.008498 1.000000 29.544189 198.792633 179.200516
RedCrownedToadlet299 0.005309 26.686775 64.656395 224.000000 189.394073
RedCrownedToadlet38 0.010121 7.566269 65.967598 148.305557 188.456726
RedCrownedToadlet461 0.009418 1.000000 10.671616 156.727356 146.601501
RedCrownedToadlet49 0.008337 9.995476 30.001465 204.769348 224.000000
RedCrownedToadlet526 0.005455 51.550743 40.353119 212.386444 224.000000
RedCrownedToadlet583 0.013898 57.019226 15.838066 204.058380 195.290314
RedCrownedToadlet621 0.005046 25.319641 59.458038 201.519653 201.370911
RedCrownedToadlet631 0.006945 60.699562 44.199364 220.083588 181.741699
RedCrownedToadlet937 0.022182 16.170158 1.000000 198.268616 217.810272
RedCrownedToadlet992 0.006743 30.649605 32.370827 176.650146 224.000000
RedEyed104 0.994758 9.863663 79.894272 195.251877 173.431137
RedEyed104 0.023997 1.000000 8.246483 224.000000 170.991821
RedEyed11 0.999382 81.799667 1.000000 224.000000 178.606827
RedEyed115 0.999692 1.000000 44.245979 224.000000 141.435150
RedEyed15 0.999019 1.000000 33.698029 224.000000 116.546249
RedEyed160 0.999919 1.000000 1.260437 208.297119 151.573181
RedEyed166 0.998088 4.251564 1.195534 173.219757 153.287445
RedEyed169 0.999304 47.416885 14.852600 192.020370 209.422424
RedEyed172 0.997772 104.974014 78.970596 223.048477 186.862473
RedEyed177 0.271427 1.000000 17.710220 182.532593 217.023758
RedEyed196 0.537698 35.283695 83.143539 119.533737 182.954514
RedEyed196 0.007749 31.403770 13.717041 144.101166 194.785019
RedEyed196 0.007299 1.000000 1.000000 224.000000 186.097382
RedEyed219 0.999873 96.947212 35.244972 211.444672 202.377045
RedEyed221 0.999867 74.116043 59.628731 224.000000 157.819580
RedEyed257 0.999878 26.252350 73.066910 181.377563 211.823807
RedEyed290 0.994478 6.022232 24.430168 213.702057 224.000000
RedEyed290 0.112259 25.926323 62.768967 152.516968 203.727982
RedEyed293 0.996865 38.096916 25.553459 189.067596 201.367188
RedEyed294 0.998986 36.931374 64.139114 175.468689 186.195541
RedEyed300 0.992164 94.317307 36.292587 182.479263 198.748337
RedEyed344 0.006557 99.581337 50.656784 181.533600 103.677582
RedEyed373 0.999747 37.955475 2.971207 166.058578 107.019829
RedEyed376 0.999579 43.417507 13.122101 155.466919 173.691666
RedEyed400 0.996527 30.227440 35.623100 171.054962 154.141083
RedEyed405 0.998065 82.227203 59.799858 181.069580 125.964363
RedEyed405 0.006038 58.787483 24.825180 192.214783 133.920227
RedEyed413 0.999752 4.506676 56.345787 197.544739 214.308228
RedEyed42 0.953705 49.753593 46.684349 185.232117 189.833527
RedEyed442 0.986533 61.784264 54.792740 215.952576 192.015717
RedEyed466 0.999758 99.401031 43.997395 224.000000 157.825195
RedEyed471 0.999174 44.607185 23.551323 189.801239 207.435791
RedEyed476 0.997966 4.063255 93.063736 169.183960 201.891129
RedEyed491 0.997659 7.452835 71.850494 168.940384 194.651764
RedEyed497 0.998578 13.278885 2.557396 217.566833 209.238770
RedEyed503 0.999133 58.765396 47.560707 174.966293 205.299896
RedEyed506 0.998071 69.607597 59.267296 202.321411 195.314301
RedEyed509 0.988748 10.931671 17.400108 201.476257 207.254242
RedEyed512 0.999830 60.241776 35.016510 190.082764 216.493149
RedEyed546 0.988726 50.971680 78.049217 106.215439 206.736877
RedEyed550 0.996709 25.752937 18.790398 222.399689 183.606628
RedEyed551 0.637513 82.519730 47.616852 158.196899 200.697433
RedEyed551 0.223874 78.357117 46.821175 124.216736 125.586418
RedEyed561 0.619525 58.092182 63.193047 160.793655 171.607025
RedEyed579 0.988633 83.088371 58.485458 151.828400 189.981522
RedEyed579 0.083629 92.466415 47.417130 154.789322 125.858536
RedEyed583 0.999017 48.628052 48.459961 182.942444 189.974258
RedEyed595 0.006219 118.662849 98.047813 224.000000 152.270996
RedEyed597 0.997212 65.736191 34.759369 185.452820 215.860626
RedEyed603 0.999739 54.540432 39.111519 149.792664 206.902466
RedEyed637 0.997125 43.934441 51.103920 198.616150 161.511566
RedEyed651 0.983603 50.341621 37.607140 183.641571 135.205444
RedEyed652 0.999541 13.418053 74.446198 214.794586 213.749390
RedEyed671 0.999521 73.338135 7.481148 194.577942 181.474243
RedEyed692 0.706358 15.712143 40.624462 162.450745 114.180130
RedEyed692 0.086613 14.153122 35.434669 206.609421 224.000000
RedEyed704 0.998749 8.880432 73.939514 160.658417 199.980164
RedEyed706 0.994241 40.213551 46.203072 161.668442 175.630432
RedEyed718 0.101271 108.988678 101.685822 220.810181 178.992798
RedEyed718 0.026215 15.620335 75.242752 107.510178 206.435928
RedEyed729 0.999939 34.560650 32.800323 152.147171 206.623322
RedEyed737 0.994047 22.436905 40.273098 217.630676 149.538666
RedEyed751 0.999974 7.886932 36.448021 212.818817 191.062561
RedEyed752 0.992737 28.506889 83.653931 179.544098 154.308075
RedEyed756 0.999435 54.970345 27.534912 197.882355 175.442551
RedEyed765 0.999970 61.088211 4.719444 220.455429 148.559814
RedEyed771 0.964419 43.369705 47.824615 185.081863 224.000000
RedEyed772 0.901302 26.904549 5.664612 201.505402 164.745880
RedEyed796 0.997112 31.981224 44.570614 186.460724 168.074585
RedEyed803 0.972916 41.656303 61.122993 203.362732 149.670959
RedEyed803 0.005193 39.086044 95.944916 164.660797 153.790070
RedEyed804 0.116100 36.835098 14.582418 206.049484 75.001396
RedEyed808 0.983246 15.467995 10.276634 213.844788 221.464020
RedEyed826 0.793913 24.750435 40.079918 182.032104 138.998505
RedEyed827 0.990323 75.340164 93.282661 128.529709 126.577339
RedEyed83 0.999570 27.957916 63.678337 217.570923 173.747894
RedEyed85 0.985022 7.808281 33.841621 202.872345 181.768616
RedEyed851 0.998832 52.097054 7.969887 168.731140 134.542999
RedEyed86 0.999556 9.505974 8.382263 208.625000 214.261749
RedEyed916 0.999303 61.728683 27.330208 179.436234 193.203033
RedEyed935 0.964652 20.319740 44.280411 208.987854 183.011856
RedEyed944 0.797805 54.141006 66.578575 131.575256 201.563812
RedEyed944 0.005096 63.408455 57.559464 107.163750 145.109406
RedEyed955 0.992799 39.970886 24.645126 192.006012 186.412979
RedEyed969 0.935757 9.857445 15.669689 164.689911 98.980087
RedEyed990 0.218869 1.000000 32.096489 224.000000 179.829163
RedEyed994 0.999340 63.760422 46.998352 176.346680 204.580688
VietnameseMossy160 0.009017 96.990303 3.614273 224.000000 224.000000
VietnameseMossy169 0.019215 61.606346 69.783318 190.728821 206.595886
VietnameseMossy55 0.008778 42.859711 32.502090 176.299561 177.716080
VietnameseMossy596 0.011369 1.000000 73.555946 199.806000 218.192963
VietnameseMossy648 0.008713 37.794052 58.329269 183.810776 191.978622
VietnameseMossy676 0.007454 1.000000 16.484459 211.776871 161.510651
VietnameseMossy71 0.005917 44.174477 43.741669 175.037537 174.780121
VietnameseMossy725 0.006636 67.330750 12.933472 178.185135 177.444443
VietnameseMossy814 0.009397 1.000000 68.545074 199.516006 218.557861
VietnameseMossy9 0.009920 36.795212 43.917572 224.000000 200.124527
