1065 0.024164 43.760880 29.209236 221.862320 224.000000
1263 0.028681 1.000000 34.389534 194.958054 178.060577
1349 0.008094 6.872360 7.229378 184.512009 153.627411
1380 0.010149 10.633194 60.107937 176.583115 184.004028
1459 0.007283 54.252693 4.854721 201.957642 222.764603
1497 0.009011 54.324165 49.091202 200.049927 216.284286
1543 0.006659 57.262688 29.391953 196.178619 224.000000
1653 0.006436 1.000000 15.341019 132.134766 188.880173
173 0.008319 28.246178 36.910858 198.206757 224.000000
1954 0.012465 35.338737 30.599136 224.000000 208.409042
357 0.005129 17.557228 3.388351 162.921875 184.836731
818 0.005502 47.558289 19.255157 217.825867 224.000000
829 0.007020 17.513611 15.754097 212.815216 224.000000
BluePoisonDartFrog1008 0.008017 98.110794 27.408951 201.856277 161.769394
BluePoisonDartFrog1036 0.005553 10.266441 17.726524 173.790436 168.911926
BluePoisonDartFrog1065 0.013128 13.703506 25.236900 214.519958 165.236908
BluePoisonDartFrog107 0.566791 99.554848 68.082298 203.625519 202.194916
BluePoisonDartFrog1077 0.011183 63.867088 72.974098 131.770020 165.442352
BluePoisonDartFrog1081 0.017403 10.031181 147.684021 201.591370 217.073425
BluePoisonDartFrog1137 0.013490 5.040512 8.377663 85.663719 147.278381
BluePoisonDartFrog1153 0.027906 90.324364 25.223309 177.376648 118.925644
BluePoisonDartFrog1158 0.006073 61.635170 1.000000 201.750122 180.379913
BluePoisonDartFrog1208 0.009340 55.332413 33.980240 178.216965 156.904602
BluePoisonDartFrog1215 0.023959 46.187874 47.198154 175.686615 173.436295
BluePoisonDartFrog1215 0.006935 62.817184 72.616341 104.601852 146.720612
BluePoisonDartFrog1222 0.054651 8.363388 32.811096 174.164856 171.787598
BluePoisonDartFrog1242 0.005397 52.844856 52.061737 167.848267 185.233551
BluePoisonDartFrog1247 0.015692 43.484932 1.000000 224.000000 150.411621
BluePoisonDartFrog1278 0.027327 27.790779 68.477036 163.750183 183.480225
BluePoisonDartFrog1286 0.997692 73.166168 70.678993 196.863098 196.235626
BluePoisonDartFrog1293 0.047702 6.786057 55.779617 153.096878 192.014816
BluePoisonDartFrog135 0.144738 1.000000 19.854698 219.323669 224.000000
BluePoisonDartFrog1357 0.347550 12.092117 27.575726 96.387329 145.441559
BluePoisonDartFrog1390 0.009780 2.552841 23.207581 108.485413 132.124283
BluePoisonDartFrog1392 0.013883 1.000000 29.971588 200.413818 160.200851
BluePoisonDartFrog1396 0.013113 55.722023 48.297890 165.716949 143.185577
BluePoisonDartFrog1409 0.020203 17.387527 62.517288 169.359573 219.726944
BluePoisonDartFrog141 0.006709 1.000000 28.340805 195.101608 224.000000
BluePoisonDartFrog1428 0.378914 64.997368 62.245674 157.511230 193.256744
BluePoisonDartFrog1453 0.005694 14.520073 48.619751 174.656006 187.286591
BluePoisonDartFrog1475 0.015954 1.000000 43.242142 193.993454 181.798416
BluePoisonDartFrog1498 0.010225 56.637726 64.420853 165.772980 172.916794
BluePoisonDartFrog158 0.756806 41.578175 74.416840 148.307236 179.899475
BluePoisonDartFrog215 0.014193 32.021603 65.938477 158.447174 172.645813
BluePoisonDartFrog240 0.043246 1.694611 30.394241 186.641739 180.829269
BluePoisonDartFrog260 0.009835 104.950066 28.610855 221.500427 224.000000
BluePoisonDartFrog301 0.033800 81.161880 44.813278 189.676804 178.716461
BluePoisonDartFrog355 0.028481 1.000000 14.672592 192.652634 162.634750
BluePoisonDartFrog387 0.013342 19.172707 18.187195 224.000000 158.744354
BluePoisonDartFrog414 0.007216 18.688065 20.113548 171.995605 191.140259
BluePoisonDartFrog426 0.015930 24.230316 32.751743 179.162338 156.578094
BluePoisonDartFrog466 0.030727 45.909821 63.624912 176.557434 174.672226
BluePoisonDartFrog470 0.005208 54.440308 43.865814 210.636261 205.293564
BluePoisonDartFrog503 0.007035 24.388969 48.300999 165.050049 171.172852
BluePoisonDartFrog569 0.009950 45.836910 41.642227 161.837570 176.916519
BluePoisonDartFrog586 0.020583 54.461258 64.004471 200.580856 185.349442
BluePoisonDartFrog643 0.014024 39.058937 18.472313 223.205414 221.197784
BluePoisonDartFrog644 0.011183 50.494446 69.065872 171.320892 185.718918
BluePoisonDartFrog653 0.008377 1.000000 14.963516 181.436493 173.945419
BluePoisonDartFrog666 0.024672 83.202728 11.895195 164.585510 131.326263
BluePoisonDartFrog75 0.011230 1.000000 52.924423 132.356308 224.000000
BluePoisonDartFrog778 0.259494 48.871780 29.712021 173.508438 173.681915
BluePoisonDartFrog782 0.006802 24.076447 29.794281 224.000000 224.000000
BluePoisonDartFrog824 0.013555 1.000000 1.000000 196.608231 195.393616
BluePoisonDartFrog830 0.038526 20.891998 142.466232 216.437012 223.444107
BluePoisonDartFrog885 0.006391 65.565811 69.086067 217.856583 180.620056
BluePoisonDartFrog918 0.012325 73.225647 49.124512 165.474380 202.059021
BluePoisonDartFrog927 0.022112 68.410896 11.653778 198.904419 131.533493
BluePoisonDartFrog936 0.005870 5.071823 39.819305 101.521484 179.164276
BluePoisonDartFrog939 0.007954 1.000000 1.000000 192.672012 202.357452
BluePoisonDartFrog94 0.005164 35.895073 52.640190 211.335724 220.080414
BluePoisonDartFrog969 0.014255 56.026031 32.272667 179.898972 142.985504
BluePoisonDartFrog97 0.007384 6.123535 1.000000 214.082413 197.746658
CaneToad1,058 0.014746 45.701363 63.883858 218.714264 197.598602
CaneToad1,127 0.005649 46.143921 170.400177 224.000000 224.000000
CaneToad1,235 0.005732 1.000000 32.312164 193.622833 171.012604
CaneToad1,525 0.010585 33.844513 14.104309 224.000000 191.479721
CaneToad1,579 0.029729 21.537270 28.674706 201.400665 162.730743
CaneToad1,862 0.006445 46.255333 49.331779 218.805542 213.700806
CaneToad1,898 0.117585 57.649681 1.000000 147.606750 163.583008
CaneToad1,913 0.006057 17.747471 25.127907 131.892853 194.953186
CaneToad1,977 0.022479 90.220802 1.000000 157.412903 198.361542
CaneToad2,000 0.005783 34.751617 1.000000 129.218933 190.389465
corroboreefrog1023 0.015667 34.490318 12.702393 224.000000 172.400177
corroboreefrog1029 0.005717 30.643318 47.432907 183.513550 213.703690
corroboreefrog1052 0.013404 20.870178 50.962616 170.255951 216.751709
corroboreefrog1151 0.006453 55.133163 4.481743 198.312881 186.177155
corroboreefrog1367 0.006891 88.378136 10.495041 224.000000 191.101395
corroboreefrog1549 0.007047 43.300110 57.776680 185.939270 193.791809
corroboreefrog1681 0.008987 25.259483 42.487206 173.241882 221.951294
corroboreefrog1778 0.034140 59.468540 6.127403 184.957275 224.000000
corroboreefrog1856 0.047270 28.538780 11.550293 163.381622 216.664261
corroboreefrog1886 0.009939 55.832581 83.500259 174.306335 198.363419
corroboreefrog2 0.005898 16.250374 9.286232 172.900574 197.973053
corroboreefrog261 0.014556 49.788269 68.355499 194.944763 183.748566
corroboreefrog407 0.005807 51.343273 46.353771 150.213669 161.747452
corroboreefrog44 0.024157 1.000000 20.896133 200.223587 200.697388
corroboreefrog487 0.010373 46.623016 32.219734 213.874054 182.728729
corroboreefrog67 0.005749 27.029755 47.114975 165.324585 216.958664
corroboreefrog672 0.006334 21.294052 36.850716 224.000000 207.825745
corroboreefrog717 0.010974 62.042000 43.334457 198.956696 146.768951
corroboreefrog782 0.006087 51.423927 55.700558 193.287720 163.685379
corroboreefrog887 0.007357 70.041901 51.722759 192.204651 168.271286
corroboreefrog891 0.010183 65.276886 40.417328 178.999481 162.216537
corroboreefrog913 0.005184 20.554222 2.049446 191.791534 188.398590
corroboreefrog915 0.006514 57.766434 1.000000 206.470078 194.982544
corroboreefrog918 0.005060 54.713196 86.177338 207.014282 176.083405
corroboreefrog936 0.017026 79.995293 58.492989 215.580566 219.933228
corroboreefrog947 0.005215 71.863045 55.102196 212.406342 214.917480
GBF1015 0.010858 59.551888 42.213272 173.339417 206.380844
GBF107 0.019185 58.297211 22.700752 206.342834 165.531494
GBF117 0.008759 1.775291 89.751755 155.805511 223.400711
GBF123 0.005945 23.707993 31.421097 224.000000 224.000000
GBF220 0.005048 10.729202 65.814102 177.468918 185.862183
GBF285 0.008131 1.000000 33.326035 197.909607 181.242691
GBF329 0.015233 1.000000 59.697289 139.419189 192.090729
GBF372 0.005218 30.262337 56.982872 188.621368 194.823578
GBF373 0.005298 32.066444 41.365829 188.014343 165.278015
GBF399 0.005250 23.896187 58.393013 224.000000 133.924133
GBF453 0.008597 54.042168 38.315376 183.637634 180.733673
GBF478 0.013106 29.078873 33.307251 224.000000 190.903885
GBF533 0.012236 36.584023 63.390072 184.766357 190.717133
GBF589 0.008949 58.503582 1.000000 148.297485 158.708801
GBF897 0.013066 9.099854 30.856712 220.470490 224.000000
GGBF154 0.010564 65.224709 64.381294 201.002472 186.577057
GGBF264 0.007299 53.119514 81.734726 163.771240 200.617050
GGBF429 0.013702 43.166332 46.408409 162.692642 175.970123
GGBF901 0.010064 64.354530 44.006432 215.958405 190.760803
GoldenPoisonDartFrog1055 0.006059 1.000000 3.685028 108.991516 181.543243
GoldenPoisonDartFrog1065 0.005164 60.790146 34.991043 194.204407 181.043381
GoldenPoisonDartFrog155 0.005023 42.029053 26.511002 196.669495 175.703262
GoldenPoisonDartFrog178 0.007882 38.404343 17.406113 171.230331 183.139114
GoldenPoisonDartFrog214 0.005233 60.052345 25.471016 195.162079 165.339844
GoldenPoisonDartFrog250 0.009543 39.604767 35.612251 171.338898 196.850861
GoldenPoisonDartFrog272 0.008384 77.177322 26.817657 216.151291 171.406723
GoldenPoisonDartFrog369 0.008674 56.835701 49.514084 197.205566 221.580551
GoldenPoisonDartFrog482 0.014324 161.588806 13.286032 220.378265 61.675873
GoldenPoisonDartFrog563 0.006955 61.754898 31.345612 200.610428 181.713318
GoldenPoisonDartFrog582 0.014433 50.976669 19.794296 194.257339 182.162521
GoldenPoisonDartFrog615 0.006490 46.340233 13.714340 175.510254 192.398361
GoldenPoisonDartFrog693 0.008008 97.769768 1.000000 224.000000 220.078415
GoldenPoisonDartFrog787 0.007551 17.036835 37.519325 189.998383 171.236328
GoldenPoisonDartFrog917 0.008847 87.559418 82.050766 142.368958 169.360275
RedCrownedToadlet1009 0.999339 28.979904 54.432259 104.898666 128.851196
RedCrownedToadlet109 0.984821 10.529625 10.961525 215.287811 210.629272
RedCrownedToadlet114 0.998116 13.038048 1.426708 224.000000 120.752777
RedCrownedToadlet121 0.998019 22.268570 16.359596 189.136902 194.531616
RedCrownedToadlet125 0.999974 5.770126 1.000000 216.467422 224.000000
RedCrownedToadlet128 0.999758 3.444267 69.434280 210.099243 168.445541
RedCrownedToadlet141 0.999986 105.624710 13.893009 224.000000 139.453125
RedCrownedToadlet149 0.998622 40.034996 13.964279 189.413818 206.281906
RedCrownedToadlet158 0.992646 33.209419 1.000000 224.000000 211.169495
RedCrownedToadlet166 0.997636 29.081070 46.330940 208.661865 177.442322
RedCrownedToadlet178 0.999425 48.108234 76.133743 141.711166 160.682571
RedCrownedToadlet187 0.997917 20.700500 100.341507 158.336868 199.249069
RedCrownedToadlet206 0.999321 34.112282 70.578720 171.415222 164.855484
RedCrownedToadlet208 0.999196 104.468307 98.806145 179.380753 167.633270
RedCrownedToadlet224 0.999515 9.786552 52.361656 195.000214 176.662628
RedCrownedToadlet228 0.999633 106.416061 3.093430 178.482803 133.259171
RedCrownedToadlet242 0.997230 78.738213 25.738037 187.615936 182.269485
RedCrownedToadlet246 0.999751 23.856709 96.124428 115.999374 218.195892
RedCrownedToadlet262 0.999874 31.438904 61.732662 186.346527 152.647278
RedCrownedToadlet266 0.999031 30.972633 29.773003 182.394501 178.794891
RedCrownedToadlet267 0.997974 5.301208 33.586296 197.613190 169.679993
RedCrownedToadlet271 0.999614 27.406612 62.886356 96.967880 153.358231
RedCrownedToadlet29 0.999987 82.584793 40.025875 186.512314 163.918015
RedCrownedToadlet299 0.996837 13.608292 63.965378 212.328842 205.962814
RedCrownedToadlet334 0.999471 26.059494 34.121620 216.421844 224.000000
RedCrownedToadlet346 0.997233 93.488388 82.989700 159.229309 149.203949
RedCrownedToadlet361 0.979663 79.322128 80.177483 119.771286 124.112419
RedCrownedToadlet378 0.999571 101.345253 1.000000 216.340454 224.000000
RedCrownedToadlet38 0.999626 1.000000 68.728714 161.033020 211.572250
RedCrownedToadlet39 0.999516 8.516693 100.851303 130.082092 204.862595
RedCrownedToadlet391 0.999953 129.740982 105.447876 221.486740 223.286224
RedCrownedToadlet406 0.983521 15.101402 53.149727 214.893433 194.039185
RedCrownedToadlet418 0.998557 28.691460 71.332092 224.000000 165.506607
RedCrownedToadlet434 0.999670 42.319466 67.120590 224.000000 205.058365
RedCrownedToadlet45 0.999386 20.820343 30.413940 221.392944 147.482788
RedCrownedToadlet46 0.999718 69.249222 42.569160 168.988205 175.385437
RedCrownedToadlet461 0.674265 3.736168 22.410538 163.562317 150.050980
RedCrownedToadlet463 0.999661 10.941582 60.381065 203.333771 213.837036
RedCrownedToadlet464 0.999820 46.729034 44.879536 141.082245 157.027527
RedCrownedToadlet466 0.999277 10.150452 5.451027 203.895279 224.000000
RedCrownedToadlet476 0.999074 41.152725 47.166168 201.777832 169.476563
RedCrownedToadlet479 0.978969 28.408035 48.727417 208.997971 200.235779
RedCrownedToadlet49 0.987307 8.292671 21.541069 210.464539 210.674683
RedCrownedToadlet494 0.999138 21.875061 42.670029 201.307800 197.272232
RedCrownedToadlet500 0.998232 29.076599 49.712822 184.277740 135.101746
RedCrownedToadlet512 0.999788 17.356300 48.855476 164.393951 169.083588
RedCrownedToadlet518 0.998933 50.655869 4.447960 122.370361 132.660736
RedCrownedToadlet526 0.997230 36.055191 46.980621 201.175110 200.813065
RedCrownedToadlet54 0.997656 57.502388 69.731407 161.206970 135.882690
RedCrownedToadlet546 0.998415 57.353012 54.343872 179.598083 179.163803
RedCrownedToadlet554 0.996828 63.386097 13.468971 172.718216 188.503632
RedCrownedToadlet559 0.999800 16.593475 31.443237 208.977310 185.861725
RedCrownedToadlet560 0.999435 15.941620 3.096092 211.312286 216.605225
RedCrownedToadlet583 0.995485 29.122856 27.875175 198.543762 185.187042
RedCrownedToadlet588 0.874420 26.816574 9.836708 180.140457 168.822296
RedCrownedToadlet599 0.999991 71.915222 2.532429 195.358856 103.415726
RedCrownedToadlet6 0.999959 60.489738 1.000000 189.904236 224.000000
RedCrownedToadlet621 0.970877 25.691719 46.095978 200.582367 186.318512
RedCrownedToadlet624 0.999920 19.422012 1.000000 220.082733 191.054016
RedCrownedToadlet631 0.951448 60.341934 45.996086 216.566666 171.163208
RedCrownedToadlet666 0.999932 11.127960 82.659561 129.234818 198.753555
RedCrownedToadlet668 0.999152 96.796524 1.000000 216.844925 224.000000
RedCrownedToadlet67 0.955230 19.851074 1.000000 215.872543 202.297577
RedCrownedToadlet678 0.999821 3.869781 5.393044 207.948761 203.756836
RedCrownedToadlet710 0.995384 112.384033 10.343307 203.525604 142.591049
RedCrownedToadlet710 0.523555 10.358196 54.658447 80.845062 179.175034
RedCrownedToadlet722 0.998743 86.117172 48.430573 197.111130 187.361618
RedCrownedToadlet73 0.999891 27.922821 48.371754 175.504929 167.500717
RedCrownedToadlet734 0.998370 21.649048 40.447536 193.907181 134.832520
RedCrownedToadlet752 0.999621 36.942276 32.678062 209.203522 182.472809
RedCrownedToadlet770 0.999661 33.881218 74.082336 204.954895 167.371338
RedCrownedToadlet779 0.999022 63.364147 89.001266 159.146713 159.617432
RedCrownedToadlet802 0.999204 18.597984 45.982407 161.215302 172.486038
RedCrownedToadlet849 0.999854 20.779495 38.402534 205.716400 195.764893
RedCrownedToadlet858 0.999959 54.310036 53.294930 189.957794 190.880188
RedCrownedToadlet864 0.998429 59.762951 117.718735 124.172287 192.743332
RedCrownedToadlet88 0.999442 8.556816 1.000000 133.066467 224.000000
RedCrownedToadlet883 0.998816 2.500862 1.000000 207.583435 208.452301
RedCrownedToadlet896 0.971703 3.807732 1.000000 153.755402 153.660736
RedCrownedToadlet923 0.999941 25.691246 1.000000 210.094543 224.000000
RedCrownedToadlet937 0.699474 16.170158 1.000000 198.268616 217.810272
RedCrownedToadlet968 0.996787 30.892609 4.098434 207.978149 214.879028
RedCrownedToadlet968 0.010656 54.959106 38.954079 158.939270 191.829437
RedCrownedToadlet99 0.997879 2.962215 45.746483 121.842865 172.201904
RedCrownedToadlet992 0.997370 38.094063 11.115471 149.871674 224.000000
RedEyed115 0.010761 1.000000 35.992851 217.192139 146.204376
RedEyed166 0.005046 6.359489 32.083321 170.232513 163.312012
RedEyed177 0.005108 1.011368 36.612892 182.834976 224.000000
RedEyed442 0.005506 24.418083 68.681564 219.899384 195.901566
RedEyed497 0.009724 1.000000 9.067780 195.531433 206.162476
RedEyed509 0.010231 1.000000 23.084915 198.359024 203.201370
RedEyed652 0.005224 1.000000 74.565704 191.089142 214.497803
RedEyed737 0.008694 38.057922 35.429974 220.881073 151.278427
RedEyed796 0.005520 39.830307 37.814240 189.669632 172.531555
RedEyed808 0.011968 1.000000 9.117294 200.150406 219.494171
RedEyed85 0.005238 1.000000 12.077614 192.516235 206.361328
RedEyed86 0.007787 5.475243 24.515732 214.904175 224.000000
RedEyed955 0.006123 1.000000 29.599144 189.320984 188.871277
VietnameseMossy160 0.159434 96.990303 3.614273 224.000000 224.000000
VietnameseMossy169 0.055394 61.606346 69.783318 190.728821 206.595886
VietnameseMossy237 0.006433 47.557152 1.000000 203.834015 193.084351
VietnameseMossy304 0.006591 2.768059 38.764244 187.569214 223.654266
VietnameseMossy423 0.031085 24.375755 1.000000 213.509735 224.000000
VietnameseMossy423 0.026749 50.293381 3.981857 223.770309 120.704651
VietnameseMossy423 0.005907 13.034454 141.481567 194.053452 222.035034
VietnameseMossy596 0.785640 7.430588 56.262360 219.856461 224.000000
VietnameseMossy706 0.009455 11.737282 1.000000 224.000000 206.479538
VietnameseMossy814 0.559262 5.635628 51.790352 222.674042 224.000000
