1065 0.016240 39.395180 34.718719 205.718811 224.000000
1076 0.006163 54.171833 1.000000 157.383469 224.000000
113 0.010978 71.267548 19.264526 194.690002 209.637619
1263 0.008735 1.000000 34.389534 194.958054 178.060577
1272 0.007321 35.327576 2.774849 224.000000 208.441162
1340 0.007314 15.402428 38.476654 158.621674 224.000000
1369 0.010049 43.933311 46.668434 192.574249 218.111176
1380 0.007004 32.291130 46.824303 183.771240 219.024750
1459 0.019921 54.252693 4.854721 201.957642 222.764603
147 0.030461 22.982216 43.584991 184.011047 219.899841
1497 0.016734 54.324165 49.091202 200.049927 216.284286
1549 0.007010 55.092842 36.386742 212.714081 224.000000
1552 0.005545 1.332077 56.073757 189.196136 165.155914
1573 0.010693 66.449966 27.840668 166.856079 191.003830
1594 0.009088 66.815178 42.254860 167.786713 224.000000
1653 0.030157 29.829865 15.961617 165.797470 187.561157
1698 0.041201 47.204247 32.831276 192.463531 196.366913
173 0.011117 28.246178 36.910858 198.206757 224.000000
1755 0.006759 37.338715 41.351906 198.222015 161.453247
1799 0.010072 2.928726 50.108910 180.082916 216.317352
1803 0.007367 56.850105 7.299210 210.993652 197.153793
1881 0.006296 10.729393 43.464897 174.993347 219.331238
1892 0.006343 35.988415 11.194115 150.681488 159.375671
1894 0.006442 44.654091 46.571579 207.077698 214.476730
2004 0.005848 5.185150 28.509026 181.331802 194.973297
226 0.019670 54.961525 48.203217 208.571930 214.260742
26 0.007776 5.436920 23.683929 173.997375 185.288666
268 0.005071 3.473946 50.465736 167.421326 213.709717
31 0.015691 42.571266 29.223534 220.706360 183.047119
357 0.012737 32.938683 42.967842 169.798096 217.828400
467 0.017235 67.072487 47.561401 206.145752 215.164978
693 0.303410 7.663414 71.479271 190.762665 214.974579
75 0.007399 34.618584 40.479919 193.303619 220.854675
750 0.006882 76.178398 21.698700 186.616638 224.000000
818 0.022559 55.244301 33.759232 223.588104 224.000000
829 0.009034 17.513611 15.754097 212.815216 224.000000
860 0.010588 1.000000 1.000000 185.681793 173.228027
906 0.019530 21.088737 1.000000 216.292480 111.823891
BluePoisonDartFrog1004 0.008950 45.334885 40.476959 195.582062 219.541626
BluePoisonDartFrog1065 0.006696 15.505943 46.622005 196.743103 168.164154
BluePoisonDartFrog1081 0.019366 10.031181 147.684021 201.591370 217.073425
BluePoisonDartFrog114 0.006233 26.301476 43.533943 170.913544 220.442200
BluePoisonDartFrog1149 0.005830 1.000000 25.457237 203.520966 224.000000
BluePoisonDartFrog1153 0.006428 75.131401 34.926567 164.643372 122.383766
BluePoisonDartFrog1158 0.095270 48.463608 13.488068 192.594284 193.891251
BluePoisonDartFrog1222 0.019162 24.278320 30.403061 187.798492 174.690262
BluePoisonDartFrog1286 0.040079 79.035393 74.215256 215.011871 196.204178
BluePoisonDartFrog1293 0.005454 26.702347 58.671928 173.536285 201.849030
BluePoisonDartFrog135 0.007278 1.000000 22.613029 197.749557 224.000000
BluePoisonDartFrog1357 0.006039 21.116951 51.404083 112.567039 149.944977
BluePoisonDartFrog1392 0.007707 34.336975 31.249962 224.000000 183.670929
BluePoisonDartFrog1409 0.050115 17.387527 62.517288 169.359573 219.726944
BluePoisonDartFrog141 0.011121 1.000000 28.340805 195.101608 224.000000
BluePoisonDartFrog17 0.011672 1.000000 30.379295 196.130341 224.000000
BluePoisonDartFrog240 0.029593 1.000000 15.323036 198.453766 200.605286
BluePoisonDartFrog260 0.012268 104.950066 28.610855 221.500427 224.000000
BluePoisonDartFrog270 0.013629 36.970718 46.333374 200.367599 216.908356
BluePoisonDartFrog312 0.009705 95.460571 59.839760 224.000000 224.000000
BluePoisonDartFrog355 0.007721 1.000000 15.630280 200.654373 198.871048
BluePoisonDartFrog378 0.007695 2.713890 8.729248 177.074585 204.635635
BluePoisonDartFrog387 0.007238 1.183578 28.379570 209.448441 145.357086
BluePoisonDartFrog414 0.032675 60.198318 14.801285 200.539291 196.976395
BluePoisonDartFrog456 0.011841 59.777466 45.796806 201.847961 218.077484
BluePoisonDartFrog503 0.008881 35.608330 53.435539 181.309906 178.677063
BluePoisonDartFrog568 0.042462 23.321014 51.264290 164.201782 217.275665
BluePoisonDartFrog591 0.006849 34.222549 9.234985 224.000000 216.840210
BluePoisonDartFrog643 0.010206 17.311234 27.445877 170.004044 224.000000
BluePoisonDartFrog653 0.005440 13.287155 28.594910 173.488663 188.234406
BluePoisonDartFrog778 0.030960 52.092834 41.962601 184.260559 172.683090
BluePoisonDartFrog786 0.005920 1.000000 21.581955 224.000000 224.000000
BluePoisonDartFrog824 0.031972 4.742813 22.977615 178.994797 190.033310
BluePoisonDartFrog830 0.016928 6.145142 147.460129 210.025024 218.446030
BluePoisonDartFrog898 0.007224 3.900024 17.496109 224.000000 224.000000
BluePoisonDartFrog939 0.029874 1.000000 1.000000 192.672012 202.357452
BluePoisonDartFrog94 0.006980 51.140800 56.276062 200.253937 215.472687
BluePoisonDartFrog97 0.060104 17.636230 1.000000 224.000000 224.000000
CaneToad1,010 0.029094 20.346375 17.856148 177.200745 224.000000
CaneToad1,036 0.996729 7.062599 14.225891 218.638428 220.099136
CaneToad1,058 0.078780 49.760391 52.305161 215.536484 209.994156
CaneToad1,074 0.005210 20.404648 29.172928 180.861557 224.000000
CaneToad1,106 0.019552 16.847855 36.740211 193.800079 223.885406
CaneToad1,235 0.972906 18.334694 30.476669 210.771942 172.233078
CaneToad1,239 0.023461 4.886200 3.968765 160.581543 220.132858
CaneToad1,241 0.604979 1.000000 1.000000 224.000000 216.893097
CaneToad1,262 0.044211 33.034882 31.716621 224.000000 175.910126
CaneToad1,282 0.007158 1.000000 30.067513 222.166626 256.000000
CaneToad1,365 0.009330 57.618263 17.448441 214.498260 224.000000
CaneToad1,465 0.997594 5.235443 22.053337 201.299698 196.355682
CaneToad1,483 0.007431 14.564484 1.000000 165.918060 209.142929
CaneToad1,509 0.010638 25.346252 33.339745 224.000000 172.549957
CaneToad1,525 0.015084 51.942589 24.093620 212.269348 182.531158
CaneToad1,579 0.017881 49.277016 40.765663 211.565613 169.382172
CaneToad1,583 0.006256 49.293213 26.992081 223.564026 173.049423
CaneToad1,779 0.007564 56.149139 22.257881 203.790955 224.000000
CaneToad1,806 0.007946 19.613297 1.000000 224.000000 209.183746
CaneToad1,818 0.046500 1.000000 22.397346 224.000000 224.000000
CaneToad1,862 0.007827 58.864258 66.169250 205.842621 196.456940
CaneToad1,865 0.005747 1.000000 53.485191 201.010498 219.532745
CaneToad1,913 0.007570 9.214569 41.322609 138.921692 224.000000
CaneToad1,926 0.012314 51.214249 36.621361 183.082718 178.915161
corroboreefrog1003 0.006137 32.347137 5.386414 224.000000 202.560791
corroboreefrog1012 0.030672 27.093491 42.743942 196.808517 217.256485
corroboreefrog1014 0.025385 45.706352 32.246613 218.949921 224.000000
corroboreefrog1022 0.010800 57.518593 20.950928 203.698303 202.796432
corroboreefrog1023 0.020970 38.548920 11.102760 222.275543 195.429016
corroboreefrog1029 0.038619 30.643318 47.432907 183.513550 213.703690
corroboreefrog1041 0.007066 54.453186 16.266991 207.325928 184.055145
corroboreefrog1076 0.012573 29.461365 63.374474 215.432556 197.149475
corroboreefrog1085 0.011002 35.578079 19.136673 167.596558 224.000000
corroboreefrog1151 0.022171 70.549088 19.491180 210.253799 224.000000
corroboreefrog1244 0.015522 37.525711 31.021156 190.347015 224.000000
corroboreefrog1304 0.006072 26.745861 8.534943 121.077728 146.495209
corroboreefrog1326 0.006232 109.998978 4.243843 193.437851 149.485657
corroboreefrog1367 0.016334 88.378136 10.495041 224.000000 191.101395
corroboreefrog1369 0.011334 26.513451 39.237396 172.718567 223.561462
corroboreefrog1490 0.012593 18.386292 39.243965 219.761414 224.000000
corroboreefrog1549 0.032097 6.595467 56.866524 180.786621 218.874634
corroboreefrog1601 0.012564 60.728142 68.490784 168.722565 196.254547
corroboreefrog1609 0.025699 12.235115 49.180893 165.071198 212.787582
corroboreefrog1613 0.019221 52.374283 35.289185 209.847488 224.000000
corroboreefrog1681 0.089348 25.259483 42.487206 173.241882 221.951294
corroboreefrog1778 0.024945 59.468540 6.127403 184.957275 224.000000
corroboreefrog1856 0.008180 46.468018 36.148903 177.702042 224.000000
corroboreefrog197 0.006572 65.708252 36.832420 126.628357 181.830597
corroboreefrog261 0.006927 53.165264 85.583557 180.784256 191.645355
corroboreefrog323 0.012641 13.665199 60.980835 175.815216 220.133392
corroboreefrog349 0.020049 42.375290 51.669601 224.000000 209.903976
corroboreefrog42 0.060307 23.054810 37.944122 196.734650 223.117737
corroboreefrog44 0.110596 27.186844 38.972862 198.721725 221.258942
corroboreefrog649 0.008903 39.785835 27.744553 224.000000 178.209671
corroboreefrog66 0.015853 53.826706 1.000000 206.718979 199.085297
corroboreefrog672 0.034897 30.032707 41.880363 224.000000 222.025757
corroboreefrog729 0.012229 10.281654 64.325470 218.710144 215.843536
corroboreefrog775 0.021135 10.687111 22.251930 154.007294 224.000000
corroboreefrog78 0.009629 18.849598 49.373131 123.456985 171.035187
corroboreefrog782 0.005874 51.423927 55.700558 193.287720 163.685379
corroboreefrog795 0.010787 72.536362 79.022125 191.281601 201.558777
corroboreefrog822 0.005151 10.112053 33.860252 181.463959 224.000000
corroboreefrog833 0.006220 53.715103 94.060226 218.990402 224.000000
corroboreefrog838 0.009691 4.295746 98.289337 181.220062 224.000000
corroboreefrog864 0.017060 37.778656 15.725334 173.401398 195.343536
corroboreefrog887 0.005552 62.020638 56.196228 188.532288 175.899506
corroboreefrog934 0.015345 43.186401 18.025013 153.990189 135.983749
corroboreefrog935 0.005916 19.855362 41.712040 148.799942 156.369247
corroboreefrog947 0.024268 71.863045 55.102196 212.406342 214.917480
corroboreefrog999 0.011247 6.072006 30.298836 168.680542 224.000000
GGBF154 0.069577 72.709984 68.719856 193.010742 193.881744
GGBF175 0.005736 99.309517 2.933624 224.000000 222.881058
GGBF298 0.006562 28.123505 8.131927 224.000000 218.047882
GGBF361 0.007500 26.899216 42.040184 184.466568 218.192871
GGBF385 0.009906 15.425255 38.672363 210.526459 224.000000
GGBF422 0.036964 24.694374 1.000000 224.000000 224.000000
GGBF743 0.005439 32.865486 6.692291 153.604370 211.532471
GGBF747 0.024366 48.652023 29.519623 183.721481 148.143127
GGBF782 0.009938 1.000000 1.000000 224.000000 205.395157
GGBF849 0.005040 84.071198 88.535530 150.177887 141.474976
GGBF884 0.009747 145.692368 209.168640 214.780167 224.000000
GGBF884 0.006210 127.086182 162.709183 219.777252 224.000000
GGBF884 0.005049 76.305069 1.000000 224.000000 224.000000
GGBF901 0.145123 62.264442 42.137230 224.000000 222.253815
GoldenPoisonDartFrog482 0.029287 161.588806 13.286032 220.378265 61.675873
greetreefrog1290 0.006399 1.000000 1.442413 224.000000 77.639374
greetreefrog13 0.030926 53.654106 19.731277 217.442596 183.855118
greetreefrog1337 0.007359 1.000000 29.933662 222.076569 224.000000
greetreefrog1393 0.008687 24.120178 43.854050 166.937271 216.748306
greetreefrog1427 0.119568 37.307076 26.818573 189.838837 202.280914
greetreefrog1721 0.007248 27.054703 45.525948 196.232040 215.164185
greetreefrog1803 0.013557 66.757309 45.055237 224.000000 214.107269
greetreefrog1805 0.014222 5.281761 40.640388 166.544159 217.857849
greetreefrog1827 0.005069 27.435867 37.688965 224.000000 180.237762
greetreefrog1871 0.006689 1.000000 13.520950 192.154556 188.157852
greetreefrog1884 0.020615 37.303936 12.613976 160.966537 224.000000
greetreefrog210 0.006281 58.024216 34.679367 204.507614 224.000000
greetreefrog224 0.018744 182.228500 130.209335 224.000000 185.483505
greetreefrog473 0.006254 50.306793 20.506691 223.626068 183.632721
greetreefrog516 0.005956 93.810776 23.357941 224.000000 224.000000
greetreefrog555 0.005375 18.676735 49.373032 197.334686 213.638626
greetreefrog581 0.016370 30.691803 28.579712 169.977585 224.000000
greetreefrog644 0.005525 15.856323 31.675835 188.945007 224.000000
greetreefrog876 0.005990 1.000000 17.006104 198.126556 221.567139
greetreefrog907 0.006611 56.447685 16.082809 205.434174 190.064774
procVietnameseMossy875 0.998100 11.009857 56.581963 215.897369 218.575378
procVietnameseMossy887 0.042626 3.549095 63.702854 144.361389 180.372498
procVietnameseMossy892 0.868699 26.701660 1.000000 178.609268 193.636719
procVietnameseMossy917 0.113385 4.208946 76.431564 180.912231 133.756638
procVietnameseMossy921 0.997067 16.861992 30.407967 206.255951 224.000000
procVietnameseMossy933 0.999162 49.951752 47.284149 222.402069 202.408966
procVietnameseMossy965 0.993998 7.984566 41.749756 213.953400 224.000000
procVietnameseMossy973 0.994460 9.140305 5.668823 196.557526 224.000000
RedCrownedToadlet178 0.037079 41.248463 82.838654 135.280960 163.514420
RedCrownedToadlet206 0.005056 31.353729 74.015594 158.976089 187.285370
RedCrownedToadlet208 0.005320 105.535141 101.399185 186.031693 164.147995
RedCrownedToadlet267 0.005872 17.533447 42.462208 212.865295 155.800308
RedCrownedToadlet361 0.005565 72.907455 83.203629 118.933731 121.715210
RedCrownedToadlet479 0.006724 61.001923 39.324600 202.039063 224.000000
RedCrownedToadlet526 0.019424 51.550743 40.353119 212.386444 224.000000
RedCrownedToadlet631 0.007371 75.319695 68.252113 220.608643 167.105194
RedCrownedToadlet864 0.006832 59.656773 119.981689 135.194244 182.078125
RedCrownedToadlet923 0.013008 20.899101 10.281822 224.000000 224.000000
RedCrownedToadlet937 0.009570 13.643295 8.255058 165.507553 211.253662
RedCrownedToadlet992 0.024629 30.649605 32.370827 176.650146 224.000000
RedEyed115 0.007598 1.000000 35.992851 217.192139 146.204376
RedEyed160 0.007369 1.000000 1.000000 192.618073 127.797729
RedEyed166 0.010682 1.000000 1.000000 173.187866 129.502487
RedEyed177 0.007901 2.846840 48.218498 183.089447 224.000000
RedEyed442 0.022208 48.296448 63.789040 222.802368 198.971008
RedEyed471 0.007951 57.321976 20.739616 202.527512 209.118713
RedEyed491 0.007022 1.000000 64.819817 174.115845 187.540710
RedEyed497 0.008035 8.781113 28.807045 219.649979 224.000000
RedEyed509 0.039896 1.169380 32.595634 211.510712 224.000000
RedEyed526 0.100275 163.095764 112.110466 216.131500 154.050430
RedEyed652 0.006215 14.578720 64.425613 210.109451 190.621643
RedEyed671 0.006946 53.650986 1.000000 198.773178 185.245636
RedEyed729 0.010684 33.576263 28.158813 163.862030 224.000000
RedEyed737 0.011533 38.057922 35.429974 220.881073 151.278427
RedEyed85 0.016156 1.000000 20.388618 191.997467 161.265472
RedEyed86 0.005938 5.475243 24.515732 214.904175 224.000000
RedEyed916 0.005323 70.890930 31.619850 193.556335 184.424866
RedEyed935 0.005165 26.298203 26.614052 205.051834 156.663849
RedEyed955 0.015426 44.837738 28.214508 220.798584 191.531174
RedEyed990 0.010828 1.000000 24.191124 195.655609 194.201874
RedEyed994 0.008539 52.901680 53.176025 192.733978 212.372437
VietnameseMossy10 0.998099 74.430969 5.568535 206.587860 206.621552
VietnameseMossy134 0.999099 46.294884 25.160118 196.062805 212.897766
VietnameseMossy137 0.984485 52.885155 10.640732 188.295685 144.175568
VietnameseMossy14 0.985427 14.300827 46.167435 200.186417 176.654648
VietnameseMossy149 0.997353 50.642380 35.046028 223.130234 189.124939
VietnameseMossy160 0.106289 96.990303 3.614273 224.000000 224.000000
VietnameseMossy161 0.711097 45.641655 18.367363 188.771790 207.138672
VietnameseMossy169 0.980503 69.668510 70.563751 203.183411 206.170410
VietnameseMossy176 0.997891 25.476868 6.479248 215.685059 199.881653
VietnameseMossy180 0.999456 1.997276 1.000000 224.000000 224.000000
VietnameseMossy202 0.064691 64.919250 122.548416 154.040466 191.616287
VietnameseMossy202 0.041299 74.469421 45.274792 159.223602 125.324722
VietnameseMossy202 0.010176 38.407295 53.417442 176.125977 186.905121
VietnameseMossy232 0.998899 57.659309 40.469879 189.311859 224.000000
VietnameseMossy237 0.999571 63.338730 18.869965 215.003555 201.564453
VietnameseMossy239 0.993762 1.000000 16.494606 223.267792 152.770477
VietnameseMossy24 0.992973 62.550766 30.865364 203.040237 207.382141
VietnameseMossy240 0.980210 4.602676 4.954498 216.981979 218.643677
VietnameseMossy256 0.007031 21.216721 12.017372 198.338364 151.657593
VietnameseMossy262 0.999985 35.198380 1.000000 211.673096 224.000000
VietnameseMossy29 0.998026 27.017166 60.818611 206.099625 208.794342
VietnameseMossy302 0.997898 14.031265 53.696327 220.688431 170.813995
VietnameseMossy304 0.999780 6.072868 7.384277 213.078003 217.839569
VietnameseMossy306 0.999433 22.727081 40.450592 213.717346 182.413116
VietnameseMossy324 0.998610 33.108864 28.056221 210.174591 189.163574
VietnameseMossy334 0.999994 46.328896 1.000000 216.405182 223.679062
VietnameseMossy338 0.042500 35.325874 44.782692 174.198273 132.438812
VietnameseMossy339 0.997867 8.089172 5.958435 222.906189 195.925995
VietnameseMossy349 0.999930 22.667725 1.285103 206.711685 219.331116
VietnameseMossy36 0.988785 42.913681 68.442513 172.472900 199.341339
VietnameseMossy366 0.431008 28.137787 54.550079 183.514145 148.563919
VietnameseMossy371 0.999905 6.440636 1.000000 193.597198 224.000000
VietnameseMossy382 0.956192 7.630180 9.570786 204.799255 164.477676
VietnameseMossy423 0.893514 51.292503 2.004799 220.260529 150.310120
VietnameseMossy423 0.007835 13.034454 141.481567 194.053452 222.035034
VietnameseMossy459 0.998234 26.234848 15.049782 205.174332 221.383209
VietnameseMossy462 0.997256 15.109482 8.296333 209.815506 224.000000
VietnameseMossy47 0.318288 43.169678 53.643433 128.548721 221.041382
VietnameseMossy470 0.999587 1.000000 72.798035 204.204773 206.076538
VietnameseMossy482 0.991220 24.832962 35.841316 154.686356 177.399902
VietnameseMossy489 0.995414 11.880112 46.066048 198.919800 193.412170
VietnameseMossy509 0.776379 22.657547 22.961006 217.485214 145.870758
VietnameseMossy539 0.704940 71.191986 51.111259 162.881226 183.510132
VietnameseMossy542 0.979721 28.779861 49.904770 196.619659 195.497406
VietnameseMossy55 0.620204 50.347786 35.667816 187.818542 175.521957
VietnameseMossy552 0.999992 15.988037 1.000000 219.060959 224.000000
VietnameseMossy559 0.995831 15.772484 53.438698 196.407532 188.217377
VietnameseMossy568 0.929521 32.350304 10.189354 171.848663 217.309906
VietnameseMossy594 0.465198 72.072464 75.741257 163.488953 190.963089
VietnameseMossy596 0.634124 5.808960 69.964279 218.466095 224.000000
VietnameseMossy598 0.330824 19.172935 10.462868 151.280029 223.049988
VietnameseMossy600 0.916221 18.893600 47.251907 202.733841 194.653687
VietnameseMossy63 0.321664 25.904831 62.134315 205.611664 185.386993
VietnameseMossy63 0.020055 130.742767 157.273651 197.254608 189.354126
VietnameseMossy635 0.999250 1.000000 16.606930 211.121460 139.739075
VietnameseMossy648 0.996439 25.625313 53.947136 210.874268 194.406036
VietnameseMossy656 0.978453 15.521645 6.975624 161.484863 224.000000
VietnameseMossy671 0.999999 7.652580 1.000000 219.591125 224.000000
VietnameseMossy676 0.874686 7.434814 24.930328 213.544220 178.380402
VietnameseMossy679 0.690471 54.417900 37.450993 193.608246 140.966110
VietnameseMossy697 0.989703 6.211548 40.580231 194.863495 196.030609
VietnameseMossy706 0.996368 15.037392 2.316170 222.258514 205.143707
VietnameseMossy71 0.969688 49.818924 43.805023 184.134842 176.142288
VietnameseMossy725 0.998658 48.960838 22.763123 199.689117 201.549286
VietnameseMossy748 0.993320 25.360954 38.576241 219.999176 200.602051
VietnameseMossy776 0.165513 41.359764 70.075737 200.733398 172.885010
VietnameseMossy778 0.999999 4.672546 23.109612 205.376160 224.000000
VietnameseMossy790 0.949278 47.735218 49.344955 170.333313 193.326904
VietnameseMossy814 0.892067 3.288689 63.201553 223.936584 223.515976
VietnameseMossy842 0.056209 151.557938 30.109371 194.385544 121.508789
VietnameseMossy842 0.020851 34.978699 13.727585 145.300171 199.708771
VietnameseMossy842 0.009013 146.947632 16.426926 215.872650 197.679779
VietnameseMossy845 0.939318 6.609779 35.279121 209.137665 190.450134
VietnameseMossy855 0.999505 12.158989 16.662437 216.408630 224.000000
VietnameseMossy862 0.363980 129.380905 109.682091 184.499954 158.003998
VietnameseMossy868 0.960901 83.262444 54.901733 217.220795 192.252640
VietnameseMossy9 0.992017 39.052467 34.757080 191.859497 209.360580
VietnameseMossy94 0.973278 34.613174 21.296722 188.292953 190.976242
VietnameseMossy99 0.988078 45.198662 10.185577 182.049225 224.000000
